4.61e+02
4.72e+02
4.68e+02
4.71e+02
4.74e+02
4.64e+02
4.68e+02
4.77e+02
5.04e+02
4.81e+02
5.07e+02
5.25e+02
5.20e+02
5.21e+02
5.19e+02
5.23e+02
5.19e+02
5.15e+02
5.17e+02
5.19e+02
5.05e+02
4.86e+02
4.80e+02
3.83e+02
2.48e+02
1.22e+02
1.04e+01
1.99e+01
1.11e+01
1.30e+01
2.32e+01
1.31e+01
1.71e+01
1.78e+01
1.51e+01
1.98e+01
1.95e+01
1.89e+01
2.39e+01
1.85e+01
4.61e+02
4.72e+02
4.68e+02
4.71e+02
4.74e+02
4.64e+02
4.68e+02
4.77e+02
5.04e+02
4.81e+02
5.07e+02
5.25e+02
5.20e+02
5.21e+02
5.19e+02
5.23e+02
5.19e+02
5.15e+02
5.17e+02
5.19e+02
5.05e+02
4.86e+02
4.80e+02
3.83e+02
2.48e+02
1.22e+02
1.04e+01
1.99e+01
1.11e+01
1.30e+01
2.32e+01
1.31e+01
1.71e+01
1.78e+01
1.51e+01
1.98e+01
1.95e+01
1.89e+01
2.39e+01
1.85e+01
