1642318008.988645
1642318025.284898
1642318040.5344589
1642318054.7899776
1642318074.5408301
1642318090.169126
1642318102.561507
1642318117.0831482
1642318133.19613
1642318156.8086936
1642318170.9158762
1642318185.372078
1642318204.5741498
1642318215.0922997
1642318226.3806677
1642318237.4715252
1642318248.4444134
1642318257.230753
1642318266.4324
1642318277.4936707
1642318287.6293077
1642318298.0961566
1642318308.9206467
1642318317.8970356
1642318334.653808
1642318344.8313327
1642318357.4646864
1642318370.4988456
1642318387.436638
1642318396.4578376
1642318405.7339997
1642318420.6684399
1642318432.5650785
1642318443.2924302
1642318456.5793474
1642318466.1597111
1642318476.4517488
1642318485.9675028
1642318497.25192
1642318507.1791034
1642318517.534544
1642318536.136627
1642318553.2043257
1642318570.680609
1642318584.626813
1642318601.5280356
1642318621.4258707
1642318633.579251
1642318648.679438
1642318661.0035572
1642318676.7130673
1642318690.6206667
1642318709.3153417
1642318720.9706023
1642318735.6702335
1642318748.080645
1642318761.6023674
1642318774.248884
1642318789.838375
1642318801.432047
1642318817.7747133
1642318844.6735375
1642318870.2625275
1642318888.92531
1642318907.263661
1642318922.164005
1642318936.9081366
1642318959.554976
1642318980.655143
1642318995.4928207
1642319007.414985
1642319018.815864
1642319031.3122282
1642319043.414625
1642319061.6825862
1642319083.0247288
1642319108.6480114
1642319121.8459253
1642319134.900979
1642319150.6020594
1642319165.5611026
1642319182.040134
1642319202.5474305
1642319222.4419444
1642319237.9623597
1642319252.0328317
1642319265.5246475
1642319286.859341
1642319301.6301782
1642319317.3335228
1642319332.164681
1642319349.5146704
1642319370.624872
1642319385.3759944
1642319400.564305
1642319421.249025
1642319438.41066
1642319454.0449045
1642319472.4600308
1642319488.2649577
1642319504.995928
1642319524.9914064
1642319539.4890242
1642319556.8658993
1642319574.682079
1642319589.2749462
1642319603.8513918
1642319618.8354478
1642319632.9014452
1642319648.7052891
1642319665.9644616
1642319679.6437314
1642319697.4065113
1642319716.6687157
1642319733.9196277
1642319753.2629032
1642319773.5686955
1642319794.3084702
1642319812.7540398
1642319829.7589505
1642319846.524391
1642319863.3662536
1642319878.9095526
1642319896.7159736
1642319915.3342512
1642319930.6713645
1642319949.7561624
1642319969.6134467
1642319986.496942
1642320001.6024978
1642320023.074562
1642320046.8064291
1642320067.7262971
1642320087.0193124
1642320101.7168794
1642320115.533884
1642320135.8599777
1642320151.296709
1642320168.796207
1642320183.4034286
1642320213.868049
1642320233.3245206
1642320248.7310584
1642320268.8570135
1642320291.125609
1642320314.0480428
1642320338.0133178
1642320359.5722997
1642320375.316061
1642320391.3836548
1642320418.1667018
1642320437.1235838
1642320461.8905463
1642320477.9940898
1642320503.8674688
1642320528.3198404
1642320552.1219852
1642320569.9005685
1642320587.0856009
1642320602.8928583
1642320635.3788729
1642320655.127127
1642320679.0340853
1642320705.4344635
1642320732.877694
1642320749.569537
1642320776.313884
1642320796.1785262
1642320816.442751
1642320846.7296789
1642320869.0842733
1642320885.2257648
1642320907.0183017
1642320924.3742008
1642320942.1929166
1642320959.6274107
1642320980.0289357
1642320996.5644054
1642321014.3704839
1642321033.7357893
1642321051.6205547
1642321071.7070818
1642321091.3219836
1642321113.5461857
1642321140.426225
1642321161.16618
1642321178.5957227
1642321197.0264385
1642321216.8674088
1642321233.9780014
1642321256.9906967
1642321274.163448
1642321303.1624413
1642321325.2657502
1642321350.990082
1642321372.1316586
1642321392.1494021
1642321412.7501836
1642321431.8012207
1642321458.6397245
1642321481.0402238
1642321502.2514367
1642321527.9382467
1642321551.5622675
1642321573.8344214
1642321598.3171356
1642321620.1211572
1642321643.0519812
1642321664.766553
1642321691.8367426
1642321713.9247499
1642321738.0568855
1642321758.8538718
1642321784.3926654
1642321808.4279091
1642321836.8887763
1642321868.315557
1642321893.4936998
1642321911.817151
1642321932.8069413
1642321954.8099778
1642321984.8770516
1642322010.8059978
1642322040.690906
1642322065.3745503
1642322099.3326757
1642322119.9870427
1642322146.3190663
1642322165.910922
1642322185.1397216
1642322205.8415425
1642322225.7528644
1642322247.0760713
1642322269.4071243
1642322294.7958958
1642322319.1874468
1642322347.9619162
1642322370.5284922
1642322390.9626188
1642322414.5849845
1642322435.8504548
1642322461.1870368
1642322497.3638926
1642322518.0177069
1642322546.1871753
1642322570.7458596
1642322610.9943948
1642322632.9331248
1642322656.0331051
1642322676.4942825
1642322696.5034049
1642322722.8050716
1642322742.6222682
1642322763.5052342
1642322795.291918
1642322824.3632815
1642322845.5600762
1642322873.7236028
1642322899.8960118
1642322925.5632198
1642322962.4424446
1642322992.4313116
1642323020.8765721
1642323043.9736538
1642323071.2525997
1642323097.302069
1642323122.726575
1642323144.8834782
1642323168.1052577
1642323198.182794
1642323218.863557
1642323248.2278466
1642323272.680558
1642323299.0330324
1642323320.9221292
1642323346.8190846
1642323371.8159144
1642323393.9312687
1642323424.0043406
1642323447.3767648
1642323476.2701015
1642323498.685378
1642323521.180201
1642323547.001757
1642323573.7040143
1642323595.761141
1642323624.1272464
1642323655.740282
1642323683.2367961
1642323712.2777674
1642323736.8996916
1642323761.1818619
1642323787.1681232
1642323815.9177039
1642323845.52192
1642323868.549194
1642323895.17136
1642323922.3975434
1642323950.1281428
1642323977.8855789
1642324007.8672397
1642324031.2159505
1642324069.1531055
1642324093.8824515
1642324126.5860367
1642324150.6787949
1642324173.6682928
1642324201.3656816
1642324225.9781735
1642324252.5807078
1642324274.7180524
1642324295.7721682
1642324323.0448909
1642324350.6028028
1642324381.281214
1642324405.284598
1642324428.293435
1642324456.544796
1642324479.1439629
1642324503.358617
1642324526.241385
1642324549.7870402
1642324577.1972802
1642324606.9871452
1642324635.2523437
1642324667.0759752
1642324695.9290092
1642324729.0062048
1642324756.0189505
1642324784.028578
1642324813.049946
1642324841.5997741
1642324872.54401
1642324898.8971105
1642324929.2216327
1642324961.0022037
1642324991.8659391
1642325016.5973783
1642325040.750801
1642325079.4695563
1642325106.3474576
1642325135.388486
1642325159.7779965
1642325187.1216156
1642325218.6668308
1642325246.2979486
1642325272.533534
1642325302.551469
1642325330.1531503
1642325358.9306853
1642325388.2140818
1642325418.7141833
1642325452.6275487
1642325485.5443044
1642325516.1012392
1642325546.012292
1642325574.5587656
1642325605.0147626
1642325632.2335074
1642325662.547151
1642325691.40592
1642325720.491419
1642325746.3185298
1642325778.6705165
1642325807.6986582
1642325837.3387003
1642325865.1980047
1642325897.7046895
1642325930.8377888
1642325957.5689352
1642325982.8508332
1642326022.205377
1642326047.0814989
1642326073.1995752
1642326097.1495428
1642326123.7419097
1642326150.6215029
1642326184.8111284
1642326208.0949914
1642326243.6268344
1642326272.5019152
1642326300.9971035
1642326327.8411632
1642326363.715941
1642326391.2255487
1642326420.8827164
1642326450.566438
1642326478.2992337
1642326503.645728
1642326527.1333432
1642326573.7766888
1642326605.489138
1642326634.4127586
1642326659.5648606
1642326692.0374124
1642326715.9264688
1642326746.9812624
1642326782.1325338
1642326814.1071758
1642326840.883342
1642326875.6281266
1642326906.5353842
1642326932.2312794
1642326972.185899
1642327000.7178419
1642327031.6088846
1642327059.6442916
1642327083.1518874
1642327116.1180189
1642327144.2029107
1642327169.5674572
1642327203.4495378
1642327229.8188539
1642327257.0231667
1642327286.8878722
1642327320.740623
1642327347.9610615
1642327376.0122907
1642327405.5140536
1642327432.9787123
1642327465.2253473
1642327489.287873
1642327513.7150853
1642327539.6221275
1642327567.8800008
1642327599.4709628
1642327624.0745265
1642327655.3821025
1642327681.7405832
1642327716.3223765
1642327753.565936
1642327779.7211413
1642327807.8859344
1642327841.6955168
1642327869.138686
1642327898.7511568
1642327934.951921
1642327966.6355152
1642327997.1156743
1642328021.1333113
1642328052.5149927
1642328086.8844335
1642328113.3763397
1642328141.4071236
1642328172.1526344
1642328198.159158
1642328228.0460863
1642328253.279641
1642328278.7645822
1642328309.8210053
1642328335.1538663
1642328362.049836
1642328393.0609298
1642328424.8707242
1642328450.583827
1642328476.1020663
1642328523.5322385
1642328548.8252432
1642328573.8458974
1642328606.4938989
1642328639.348761
1642328669.6692965
1642328713.3344631
1642328749.6650317
1642328776.0384483
1642328805.5399766
1642328837.6063883
1642328864.7815917
1642328892.598586
1642328917.8282225
1642328943.016205
1642328967.6382177
1642328995.9494438
1642329033.1233056
1642329058.337969
1642329083.6717422
1642329133.1992152
1642329158.7615716
1642329190.5565696
1642329233.9816077
1642329268.4819465
1642329307.737164
1642329337.7643363
1642329373.4053085
1642329414.924408
1642329450.524985
1642329489.5825791
1642329515.8635283
1642329552.4457135
1642329585.2493305
1642329618.6204302
1642329648.268186
1642329675.2386534
1642329703.211484
1642329737.0853698
1642329765.1070862
1642329796.0956225
1642329826.8884108
1642329872.6260185
1642329904.091708
1642329932.9348328
1642329965.3379033
1642329993.8142827
1642330024.2192097
1642330075.8328853
1642330111.342332
1642330145.2276387
1642330192.7491212
1642330229.3045382
1642330259.4446867
1642330286.8333209
1642330336.2366664
1642330388.2726905
1642330427.9682086
1642330458.6703138
1642330491.0301948
1642330526.833643
1642330560.4932754
1642330598.5270824
1642330625.3171444
1642330669.5123558
1642330704.331371
1642330743.1910841
1642330778.0564775
1642330808.5657768
1642330844.815948
1642330871.8546686
1642330898.8601642
1642330939.7147996
1642330977.3558185
1642331007.8870862
1642331040.2419071
1642331076.2872095
1642331118.9794323
1642331151.1115139
1642331185.8642726
1642331225.4222007
1642331258.8475192
1642331303.7683463
1642331338.837344
1642331377.7455678
1642331421.071548
1642331463.1945746
1642331502.2413025
1642331538.192178
1642331572.6992009
1642331604.9855316
1642331632.9684103
1642331665.6134923
1642331694.837829
1642331732.7708273
1642331777.434352
1642331818.3616116
1642331852.9819064
1642331885.792548
1642331920.018521
1642331966.23373
1642331994.045413
1642332037.6562967
1642332085.4141078
1642332132.9750159
1642332161.3424869
1642332197.3858848
1642332225.3554237
1642332259.857719
1642332290.8398385
1642332328.4082797
1642332358.3763866
1642332400.9883213
1642332442.9947233
1642332483.6184626
1642332514.4871857
1642332549.6468172
1642332605.1905417
1642332650.073273
1642332685.2181933
1642332719.539926
1642332749.2404032
1642332783.9554238
1642332819.7169237
1642332860.2610571
1642332892.257506
1642332923.9717376
1642332973.8697317
1642333024.0249834
1642333053.8721972
1642333083.6219778
1642333114.7350938
1642333149.8023198
1642333182.8655126
1642333220.5258527
1642333250.8614793
1642333299.6380455
1642333333.1467202
1642333362.7114062
1642333413.7532852
1642333448.869715
1642333495.889195
1642333535.9808578
1642333578.5812755
1642333625.7469316
1642333656.7086618
1642333688.946756
1642333725.8203313
1642333762.4397554
1642333798.362987
1642333847.4962301
1642333882.7625992
1642333923.9555297
1642333964.5589128
1642334023.9549072
1642334058.6318386
1642334097.3558347
1642334127.4628618
1642334157.6800997
1642334218.0170786
1642334275.089743
1642334308.9531455
1642334338.800326
1642334376.841226
1642334425.6506293
1642334468.959764
1642334504.407731
1642334547.0189223
1642334579.9111736
1642334614.682878
1642334644.9474409
1642334690.2536945
1642334726.802344
1642334763.286331
1642334795.610557
1642334828.0828383
1642334867.4883604
1642334905.1318977
1642334949.206788
1642334989.230029
1642335024.1169193
1642335056.5773783
1642335086.616895
1642335116.8744223
1642335167.2031353
1642335228.1312282
1642335264.4888802
1642335295.108441
1642335335.1492999
1642335382.9118185
1642335420.3706398
1642335457.205975
1642335493.9388103
1642335542.8940222
1642335584.9174201
1642335647.190759
1642335680.3384726
1642335716.5122063
1642335747.7919762
1642335780.617348
1642335816.6187162
1642335851.4087698
1642335901.128548
1642335931.4813209
1642335961.9419506
1642336005.3315306
1642336054.352816
1642336085.9325204
1642336127.3436658
1642336159.7657442
1642336193.8322582
1642336227.4567733
1642336257.2193642
1642336288.1270936
1642336319.082659
1642336364.926334
1642336401.351162
1642336448.4414027
1642336483.6136544
1642336519.9962773
1642336550.1908505
1642336583.287489
1642336616.9040923
1642336660.0138812
1642336694.1844263
1642336725.1633494
1642336783.3668942
1642336827.4631283
1642336867.5944283
1642336907.9946878
1642336941.885096
1642336974.9517415
1642337010.311212
1642337044.6907706
1642337079.3044534
1642337110.730241
1642337141.9310858
1642337185.8934505
1642337217.7566493
1642337248.5220468
1642337279.8979533
1642337332.0605187
1642337364.7242074
1642337403.9816437
1642337441.7261817
1642337486.287602
1642337520.6799746
1642337555.9870124
1642337588.3591032
1642337625.3736358
1642337663.2761855
1642337700.5375793
1642337736.0983794
1642337774.6811457
1642337818.1127985
1642337851.0848908
1642337883.9647639
1642337916.2368298
1642337949.2740965
1642337984.9641085
1642338022.078094
1642338053.1488018
1642338089.7085013
1642338120.5819056
1642338156.0348175
1642338193.2810316
1642338226.4013138
1642338268.67386
1642338300.2984908
1642338334.5144265
1642338371.7280056
1642338412.096997
1642338455.1306655
1642338499.8572142
1642338531.213983
1642338562.7409244
1642338594.5335035
1642338630.2553618
1642338665.5899112
1642338698.1188786
1642338736.2482219
1642338769.8460395
1642338810.2599854
1642338844.8956063
1642338885.7641616
1642338917.6913457
1642338949.8558927
1642338991.6980371
1642339025.355301
1642339063.1844223
1642339101.7240672
1642339134.268145
1642339167.3627682
1642339205.58879
1642339246.0351806
1642339278.6666443
1642339312.5920455
1642339347.9940333
1642339381.6057084
1642339422.3667283
1642339459.6808581
1642339493.2276356
1642339526.6903937
1642339563.8847682
1642339610.0833917
1642339643.2127512
1642339675.7154927
1642339715.168662
1642339758.3337314
1642339792.0381503
1642339833.3708494
1642339868.637027
1642339903.3529139
1642339941.77619
1642339976.288158
1642340008.9112256
1642340041.839851
1642340074.4854584
1642340107.4849415
1642340139.6474876
1642340181.6823273
1642340216.1590455
1642340248.8559673
1642340282.8068068
1642340320.636489
1642340357.1646907
1642340392.9311643
1642340427.8372297
1642340461.6313004
1642340498.5533936
1642340531.6910233
1642340566.8853655
1642340601.39642
1642340634.9346435
1642340673.5627034
1642340707.5660696
1642340747.7331169
1642340784.827688
1642340822.3537407
1642340855.455558
1642340887.9098642
1642340922.4215014
1642340962.3227465
1642340995.273175
1642341028.5934484
1642341069.690594
1642341103.2836163
1642341143.3128173
1642341187.5872648
1642341220.5876377
1642341254.8976245
1642341288.0792983
1642341322.3460925
1642341357.4204094
1642341398.5832584
1642341437.119433
1642341472.8019552
1642341512.330095
1642341550.5053875
1642341588.7008705
1642341631.4246
1642341669.99397
1642341704.6288116
1642341739.9478168
1642341775.483331
1642341815.6341786
1642341857.352422
1642341890.3320842
1642341925.6429234
1642341961.9857666
1642342003.4446921
1642342037.6591032
1642342076.649479
1642342120.1242852
1642342156.3213227
1642342190.3750226
1642342236.83531
1642342275.3590064
1642342312.9021163
1642342352.0747242
1642342386.731547
1642342425.2911046
1642342465.0008583
1642342502.0785735
1642342540.509717
1642342576.592424
1642342611.886562
1642342648.9777875
1642342683.8274555
1642342734.7940366
1642342773.2106037
1642342809.8142717
1642342846.9336882
1642342881.862935
1642342923.0001316
1642342964.1952884
1642343001.8926544
1642343035.965834
1642343079.3292193
1642343129.237455
1642343166.8678136
1642343202.3522878
1642343244.4992545
1642343278.4890053
1642343318.9245303
1642343353.8180742
1642343396.2879188
1642343448.6693778
1642343490.565569
1642343528.6969726
1642343563.2880776
1642343607.2984304
1642343642.159692
1642343678.1146715
1642343715.1727283
1642343749.7961643
1642343791.8530822
1642343831.0938668
1642343869.2297235
1642343908.721217
1642343958.901295
1642344000.586127
1642344036.5735219
1642344074.2882202
1642344110.113118
1642344148.6335192
1642344185.4587772
1642344222.5762956
1642344259.31846
1642344297.1742566
1642344335.5664465
1642344370.5572798
1642344407.8078763
1642344447.8251472
1642344486.9350414
1642344524.0131989
1642344559.7372844
1642344595.3087032
1642344641.1776028
1642344678.513896
1642344716.8364544
1642344752.2338965
1642344791.1641965
1642344828.3911843
1642344868.2591085
1642344902.4262118
1642344943.8578317
1642344989.578096
1642345024.9635015
1642345062.657965
1642345103.132427
1642345141.5182278
1642345177.8209567
1642345213.606686
1642345257.2030208
1642345297.7139795
1642345337.8741217
1642345376.35359
1642345412.879692
1642345453.8576727
1642345488.9538841
1642345528.044882
1642345571.9447663
1642345608.43846
1642345643.3032606
1642345677.1585317
1642345715.3951511
1642345749.2350059
1642345783.6578407
1642345828.872615
1642345863.5548677
1642345904.2234926
1642345951.916029
1642345986.2444983
1642346025.8986087
1642346061.6072185
1642346097.5686462
1642346131.8426135
1642346165.9128602
1642346213.801242
1642346255.7269711
1642346300.2498407
1642346334.515225
1642346368.8607419
1642346404.0518627
1642346448.0316932
1642346484.8086944
1642346523.4419742
1642346565.0439718
1642346608.6425076
1642346645.5088603
1642346687.6070817
1642346721.9954717
1642346759.5146868
1642346796.7483177
1642346835.7615504
1642346873.5559077
1642346909.9823852
1642346946.8468058
1642346987.7343857
1642347028.9424586
1642347072.5639079
1642347110.4088955
1642347151.2753203
1642347189.9836273
1642347230.3842585
1642347268.0118754
1642347303.8828096
1642347342.4489706
1642347382.6585922
1642347417.7677681
1642347453.7100008
1642347496.5106547
1642347535.1036859
1642347572.2234602
1642347608.1522038
1642347644.681055
1642347679.3029652
1642347715.5126958
1642347768.0451207
1642347806.9292305
1642347845.9946187
1642347882.3941486
1642347918.4419515
1642347956.9309871
1642347993.0378966
1642348029.5465076
1642348064.3096313
1642348115.3263667
1642348153.4923606
1642348193.0759509
1642348239.4541674
1642348274.02074
1642348314.6409147
1642348352.351506
1642348391.613264
1642348432.9235609
1642348470.5940034
1642348505.3070395
1642348540.91266
1642348579.9571633
1642348624.2578084
1642348661.9829483
1642348705.382979
1642348745.9132469
1642348791.2988462
1642348834.2140524
1642348873.9248703
1642348910.28904
1642348953.0845618
1642348992.8802998
1642349035.1972659
1642349077.1770296
1642349117.1116672
1642349152.894632
1642349195.5106254
1642349230.6501262
1642349276.9262311
1642349315.9064348
1642349352.715246
1642349391.3637755
1642349427.4649858
1642349462.3051293
1642349501.463443
1642349538.2932112
1642349575.4324949
1642349612.9801762
1642349647.823121
1642349687.1502638
1642349725.0090263
1642349767.2019725
1642349804.702484
1642349842.0292757
1642349882.1334827
1642349926.55351
1642349965.3454528
1642350005.8497186
1642350048.6058862
1642350095.933412
1642350136.3103418
1642350172.6100416
1642350211.905288
1642350256.5733964
1642350291.8981774
1642350335.0145493
1642350379.7293227
1642350419.8940983
1642350455.7620456
1642350493.9054348
1642350531.283865
1642350573.2398949
1642350619.3280158
1642350657.7789896
1642350695.473231
1642350735.8682468
1642350777.1780002
1642350824.4455256
1642350869.7681296
1642350911.0089417
1642350952.1896324
1642350997.6465409
1642351033.4808607
1642351075.5412872
1642351122.9383905
1642351176.2758267
1642351213.879392
1642351252.4965167
1642351293.889384
1642351341.5710964
1642351385.051032
1642351427.428621
1642351467.201329
1642351516.9886777
1642351560.2138906
1642351606.4534345
1642351646.0659533
1642351686.5565963
1642351729.869232
1642351774.0068736
1642351826.7689764
1642351868.9018805
1642351906.8317175
1642351949.105854
1642351991.5963922
1642352039.4248405
1642352085.9550989
1642352129.6602128
1642352171.179179
1642352215.3278918
1642352258.1565573
1642352302.5313175
1642352346.4321015
1642352391.1634722
1642352433.257265
1642352473.7936327
1642352511.041424
1642352562.0856674
1642352600.738458
1642352639.8271885
1642352684.3355362
1642352724.1831195
1642352767.8320427
1642352808.393712
1642352848.653808
1642352885.6700907
1642352930.5655851
1642352970.3767004
1642353008.1778717
1642353055.1702597
1642353096.8904126
1642353145.094356
1642353190.2116692
1642353227.1594326
1642353265.2969954
1642353304.3103778
1642353342.3870456
1642353384.1386626
1642353420.8322704
1642353458.1389797
1642353496.143354
1642353532.5786817
1642353568.8922484
1642353604.766046
1642353643.231372
1642353683.7018006
1642353722.6619499
1642353800.5724618
1642353868.8278124
1642353905.4633865
1642353941.4391541
1642353979.3697603
1642354018.4499803
1642354058.4207716
1642354098.1042185
1642354135.8444307
1642354174.6805565
1642354215.591362
1642354255.2383327
1642354295.1538932
1642354336.0555294
1642354374.5090425
1642354411.1600778
1642354449.2634878
1642354487.4896939
1642354525.0389543
1642354562.2128217
1642354598.5270514
1642354635.6817331
1642354673.8814378
1642354735.6031928
1642354814.4040077
1642354850.769036
1642354887.7596693
1642354925.0754366
1642354961.9322333
1642354999.1793618
1642355037.0264213
1642355074.9970746
1642355111.7931383
1642355148.5605874
1642355190.2203248
1642355227.3829155
1642355301.5018177
1642355341.1854208
1642355386.5939653
1642355437.2646966
1642355494.5068977
1642355553.9965868
1642355612.2163856
1642355663.5222213
1642355701.5273807
1642355738.5903645
1642355776.7348485
1642355812.4544618
1642355849.1205668
1642355886.4895723
1642355961.609805
1642355997.9980657
1642356039.1705215
1642356075.4195707
1642356113.8321202
1642356152.5295684
1642356189.7544942
1642356226.046636
1642356266.643852
1642356303.9765646
1642356341.224126
1642356381.0050166
1642356418.2496784
1642356455.0669584
1642356491.2703202
1642356526.192206
1642356562.4128332
1642356598.1769648
1642356635.4465373
1642356672.9678707
1642356710.8873937
1642356751.6528149
1642356787.5125074
1642356824.9792864
1642356864.2635837
1642356901.9429803
1642356939.0872345
1642356980.2792134
1642357018.3410618
1642357056.3031702
1642357094.1316738
1642357182.7981174
1642357232.4328651
1642357271.434826
1642357308.4430113
1642357363.2380157
1642357452.2466955
1642357492.5671008
1642357532.5665705
1642357574.2032666
1642357614.1932573
1642357654.000866
1642357696.4372454
1642357736.0009334
1642357775.3409474
1642357813.0260088
1642357870.8857064
1642357929.3411815
1642358013.2037954
1642358049.9265685
1642358087.5080233
1642358125.349257
1642358164.7321062
1642358202.3135738
1642358241.8070886
1642358280.021946
1642358317.4921505
1642358355.2590141
1642358393.10737
1642358463.519339
1642358543.1463218
1642358580.3361802
1642358618.6584249
1642358659.3087585
1642358702.8606985
1642358779.4678392
1642358817.3430111
1642358855.7953155
1642358895.1290581
1642358934.105633
1642358972.013809
1642359010.6050308
1642359049.355819
1642359087.3094208
1642359126.327796
1642359164.7480755
1642359205.1413352
1642359243.6440036
1642359282.8175907
1642359321.3696084
1642359360.1828423
1642359404.2103925
1642359442.3104982
1642359480.9825625
1642359565.9892912
1642359641.6492012
1642359703.172333
1642359751.2835686
1642359789.264567
1642359826.5062866
1642359867.509494
1642359906.1517236
1642359945.9958296
1642359988.9698105
1642360027.0306623
1642360065.3953822
1642360123.3357074
1642360211.7541442
1642360250.0602646
1642360288.5837853
1642360329.6248584
1642360368.6585035
1642360406.3887155
1642360445.5449777
1642360483.9237669
1642360522.5916502
1642360560.9916008
1642360637.3533826
1642360706.8420455
1642360745.6197603
1642360784.9978406
1642360823.769984
1642360862.6886833
1642360900.986515
1642360948.4572937
1642361000.3826215
1642361041.5436687
1642361083.072937
1642361125.0964053
1642361166.8583179
1642361205.7133763
1642361244.8516648
1642361283.3299243
1642361335.1952848
1642361393.0431306
1642361435.7070024
1642361474.6469884
1642361515.2263675
1642361582.076254
1642361662.8330398
1642361701.4431818
1642361740.1224635
1642361785.1100588
1642361824.1020474
1642361862.125261
1642361901.518379
1642361940.3869898
1642361978.630799
1642362018.2885273
1642362056.5884185
1642362099.1208746
1642362137.7237484
1642362175.0497134
1642362215.1122627
1642362254.2215996
1642362294.0153658
1642362332.9059858
1642362372.2543788
1642362413.6822033
1642362454.615887
1642362494.4747624
1642362533.8853595
1642362573.9671924
1642362613.678932
1642362706.0162742
1642362754.6130164
1642362795.4233558
1642362834.000596
1642362876.0182335
1642362916.0916166
1642362956.542609
1642363002.220913
1642363041.7874126
1642363081.6467755
1642363126.9351237
1642363166.5641456
1642363207.7641962
1642363275.0238266
1642363314.9263
1642363357.8813791
1642363427.8230667
1642363470.6089299
1642363513.0866995
1642363552.38581
1642363595.4567163
1642363635.7612786
1642363675.2957127
1642363714.9851882
1642363754.8421829
1642363794.593304
1642363836.0069613
1642363874.2196157
1642363913.1568007
1642363971.6542416
1642364063.865259
1642364155.0501125
1642364219.0049176
1642364281.829224
1642364326.017537
1642364368.5076256
1642364411.148021
1642364473.1711593
1642364536.6893919
1642364577.1756983
1642364615.7544289
1642364657.710409
1642364699.1678362
1642364739.4216347
1642364786.2024863
1642364848.694705
1642364903.2241445
1642364942.345433
1642364982.5941138
1642365029.095423
1642365074.26255
1642365123.4623713
1642365211.5878992
1642365272.6680117
1642365312.7363164
1642365352.64993
1642365426.4374764
1642365504.3652554
1642365602.9135718
1642365645.7530632
1642365685.0599492
1642365726.105882
1642365769.8662028
1642365811.5721276
1642365851.200805
1642365890.564598
1642365932.1050358
1642365972.2766888
1642366013.6244848
1642366052.3664808
1642366091.8481963
1642366133.156702
1642366172.7216294
1642366213.58888
1642366255.1087213
1642366295.3061414
1642366339.5778124
1642366434.3710215
1642366495.2999065
1642366538.5012593
1642366584.7561612
1642366625.7421916
1642366669.3612926
1642366712.107373
1642366755.3831024
1642366797.9297209
1642366840.9122941
1642366883.8839874
1642366927.218716
1642367021.8923721
1642367078.2832456
1642367132.9806433
1642367174.2725623
1642367214.6195204
1642367253.8667436
1642367294.5739233
1642367335.9811914
1642367377.533661
1642367421.82684
1642367463.6988266
1642367504.9741268
1642367547.6296506
1642367589.2286353
1642367631.37739
1642367706.7786825
1642367787.2273166
1642367829.8955429
1642367872.5160515
1642367917.0537996
1642367967.829718
1642368035.8923523
1642368076.692484
1642368117.0114238
1642368160.0352075
1642368203.1610162
1642368245.4771001
1642368286.8168342
1642368327.4638968
1642368369.7684736
1642368411.1579247
1642368452.7009404
1642368493.842286
1642368535.8534517
1642368577.0710223
1642368621.609156
1642368726.2087843
1642368767.970259
1642368809.0487318
1642368851.2331994
1642368893.3668997
1642368937.3960621
1642368981.6546996
1642369023.158917
1642369064.4211676
1642369106.6325405
1642369148.6767604
1642369191.3872411
1642369233.4131684
1642369276.4780777
1642369317.085171
1642369362.678125
1642369404.1544058
1642369447.1918633
1642369489.2563236
1642369530.540025
1642369572.8264334
1642369616.6671033
1642369657.8566165
1642369700.4672582
1642369742.7126844
1642369785.1602304
1642369830.0245125
1642369872.29373
1642369915.0918162
1642369961.043076
1642370004.3033354
1642370045.948557
1642370090.2735517
1642370132.3948603
1642370175.7654977
1642370222.2097664
1642370271.086984
1642370324.510082
1642370367.4523704
1642370413.3899882
1642370461.3557363
1642370505.651501
1642370571.0692127
1642370660.6727688
1642370706.1303463
1642370759.677459
1642370810.5961878
1642370861.0504954
1642370915.2267542
1642370965.5431
1642371015.6009362
1642371102.688844
1642371157.493014
1642371211.8977437
1642371268.9420087
1642371320.1335464
1642371371.6529446
1642371448.0881488
1642371514.7611635
1642371564.8744047
1642371615.0046992
1642371668.0079913
1642371717.3302617
1642371786.238626
1642371862.0427876
1642371913.4758568
1642371964.7099674
1642372038.9429317
1642372108.2314866
1642372161.4404204
1642372209.7714024
1642372316.9165974
1642372428.086279
1642372491.9887986
1642372541.121527
1642372589.148673
1642372638.2712073
1642372685.3502274
1642372736.735898
1642372781.6062334
1642372830.5142558
1642372880.17657
1642372930.6649892
1642372983.258259
1642373037.0474837
1642373084.5364738
1642373168.0367446
1642373217.7866025
1642373265.1812034
1642373314.807057
1642373365.444365
1642373413.6225843
1642373465.961026
1642373521.6961372
1642373575.4745264
1642373630.4760518
1642373704.005792
1642373782.4351985
1642373835.8005369
1642373887.749652
1642373939.2508461
1642373992.0386376
1642374048.8433104
1642374102.93102
1642374160.8527038
1642374212.7098114
1642374262.4468186
1642374314.9846787
1642374367.172465
1642374418.5616508
1642374471.384875
1642374523.5781157
1642374572.4212766
1642374620.402861
1642374668.047985
1642374715.9681537
1642374769.6533787
1642374827.224032
1642374880.8278704
1642374927.9494498
1642374976.143459
1642375029.9005501
1642375084.9508822
1642375133.3024828
1642375185.8134801
1642375236.5634983
1642375288.761491
1642375337.946896
1642375387.3728356
1642375437.2469087
1642375487.244252
1642375570.1367047
1642375638.2180872
1642375690.5964468
1642375738.6345906
1642375784.6522627
1642375838.710655
1642375889.4249203
1642375935.1683445
1642375990.2849793
1642376045.835302
1642376103.7462144
1642376156.898341
1642376210.0383651
1642376261.1875548
1642376312.9135838
1642376367.0002055
1642376421.0418475
1642376476.6693711
1642376532.6490645
1642376589.480553
1642376646.1094267
1642376765.8983643
1642376823.2852943
1642376879.7889392
1642376937.8114355
1642376993.7430415
1642377050.578202
1642377104.5046923
1642377158.5963938
1642377211.1276686
1642377265.9768848
1642377319.8906596
1642377372.6219382
1642377425.0836773
1642377519.7692478
1642377574.9459877
1642377632.0916772
1642377687.5560586
1642377745.146775
1642377798.4316068
1642377852.391432
1642377970.1013055
1642378025.53603
1642378080.7931805
1642378138.418876
1642378190.9347
1642378247.8008633
1642378300.7478814
1642378355.6231394
1642378408.7341735
1642378471.4214225
1642378551.0016968
1642378631.4727771
1642378715.1519895
1642378768.3971214
1642378822.6596477
1642378877.511023
1642378933.541224
1642378990.0442443
1642379043.2749414
1642379121.5086
1642379201.4696276
1642379257.244653
1642379309.5696876
1642379363.3062613
1642379416.5254292
1642379472.22439
1642379525.8619015
1642379579.292807
1642379634.0277505
1642379687.530529
1642379743.3905482
1642379797.876552
1642379851.6101804
1642379910.9053133
1642379964.6575594
1642380014.4679842
1642380063.8948193
1642380115.3728356
1642380208.921104
1642380286.2825005
1642380339.6883779
1642380410.7852595
1642380505.0873969
1642380559.29028
1642380606.5187929
1642380653.083248
1642380707.0430272
1642380755.4589343
1642380807.5209098
1642380860.7847342
1642380911.1705523
1642380960.7127557
1642381007.4333797
1642381054.0291607
1642381105.1959956
1642381151.2491257
1642381197.0307388
1642381255.278817
1642381305.2740142
1642381368.627529
1642381434.354449
1642381485.0286992
1642381537.231994
1642381583.662148
1642381630.3938246
1642381687.7084577
1642381737.820513
1642381792.2874799
1642381849.2874022
1642381900.382134
1642381981.402609
1642382080.2189865
1642382132.1719098
1642382193.472422
1642382248.448599
1642382305.673543
1642382362.012136
1642382429.6272366
1642382486.2356505
1642382543.5451384
1642382599.9253154
1642382665.2876399
1642382780.7194777
1642382898.1431851
1642382978.0247335
1642383037.708692
1642383097.923418
1642383169.3020673
1642383244.4572976
1642383318.864282
1642383391.6422665
1642383461.4759035
1642383530.586582
1642383599.4916234
1642383668.729015
1642383741.9798572
1642383814.7540073
1642383885.9761083
1642383954.198701
1642384031.1445863
1642384099.9115484
1642384172.1765964
1642384242.9774575
1642384316.1370716
1642384390.132285
1642384466.97528
1642384538.7414987
1642384614.9048405
1642384683.7666225
1642384754.7281606
1642384819.9683993
1642384891.0562277
1642384961.4650407
1642385031.3564508
1642385108.0661514
1642385178.7967248
1642385255.3673677
1642385332.3946922
1642385405.8363705
1642385481.2261174
1642385541.1459339
1642385614.1144204
1642385682.8379767
1642385754.0563316
1642385824.9072332
1642385895.1386025
1642385967.6560571
1642386038.346562
1642386117.590016
1642386199.5823581
1642386275.8640354
1642386349.240207
1642386423.421848
1642386499.6864834
1642386575.0858757
1642386649.114808
1642386723.610272
1642386802.238869
1642386879.0362556
1642386953.4893708
1642387028.9214072
1642387100.5893965
1642387175.0292795
1642387249.7080712
1642387322.590647
1642387403.9640007
1642387470.6009128
1642387548.1217258
1642387623.5490282
1642387692.01266
1642387760.576193
1642387827.7098904
1642387891.460727
1642387961.0334597
1642388030.5787125
1642388089.1863415
1642388163.723052
1642388233.1827183
1642388299.9390364
1642388372.901039
1642388436.7565546
1642388505.5186038
1642388575.6894503
1642388651.02673
1642388717.2469373
1642388794.7896795
1642388865.2716255
1642388940.5851688
1642389012.7265985
1642389087.016421
1642389158.7512064
1642389226.2578542
1642389307.0110705
1642389389.707813
1642389473.1018462
1642389552.1021824
1642389630.828682
1642389707.130007
1642389788.708231
1642389864.1783218
1642389926.9960008
1642389988.0830665
1642390058.823381
1642390123.6918063
1642390196.2199805
1642390273.854931
1642390349.8829813
1642390416.1814167
1642390493.2772264
1642390552.0204883
1642390623.5645766
1642390696.735647
1642390765.740472
1642390835.9737232
1642390904.6637325
1642390979.20455
1642391050.7760823
1642391125.128555
1642391207.4743648
1642391272.5189166
1642391343.317502
1642391414.0250366
1642391485.6942358
1642391562.1731243
1642391633.481815
1642391703.5050952
1642391772.686494
1642391845.6513457
1642391917.1274052
1642391999.7736938
1642392067.259093
1642392140.9528112
1642392208.9720612
1642392287.731529
1642392360.005749
1642392433.892398
1642392509.31806
1642392590.2775853
1642392658.445611
1642392717.806621
1642392782.3388412
1642392847.9921026
1642392926.604172
1642392999.214332
1642393077.4649704
1642393156.3731976
1642393238.4594452
1642393314.2063022
1642393390.2392182
1642393467.5237532
1642393543.0100455
1642393627.390357
1642393700.0659587
1642393776.82539
1642393851.0277114
1642393927.3410597
1642394001.8591547
1642394075.119172
1642394155.9315462
1642394225.6078677
1642394305.2251563
1642394383.3813946
1642394458.7354693
1642394536.7612593
1642394616.2255268
1642394698.5801902
1642394767.319931
1642394837.404894
1642394909.4778373
1642394992.724958
1642395059.4922545
1642395140.3851752
1642395205.8555205
1642395280.7168117
1642395338.3871698
1642395432.4856465
1642395507.6205654
1642395573.8917775
1642395633.7101178
1642395712.113698
1642395789.4809656
1642395863.200404
1642395943.5985544
1642396022.7056625
1642396096.762913
1642396171.1226757
1642396254.4067545
1642396329.0481086
1642396406.927221
1642396478.5450861
1642396550.174162
1642396626.668953
1642396694.241931
1642396778.4179342
1642396871.843044
1642396947.6262727
1642397025.8127463
1642397120.665542
1642397195.966319
1642397268.2282002
1642397349.3087037
1642397426.147086
1642397498.1758094
1642397570.6997523
1642397645.5806615
1642397712.2637286
1642397782.546329
1642397842.094539
1642397898.1053529
1642397974.474253
1642398042.1198478
1642398105.9497344
1642398177.963692
1642398238.253288
1642398313.1832428
1642398385.3584008
1642398450.8911717
1642398539.670606
1642398614.8425965
1642398691.5638998
1642398758.631031
1642398841.0703535
1642398923.467214
1642398995.0601153
1642399068.1451187
1642399149.7511055
1642399217.9575996
1642399300.9318862
1642399373.8587406
1642399449.5280254
1642399528.2917924
1642399598.6236029
1642399674.511677
1642399775.6766582
1642399851.0768745
1642399916.4302554
1642399985.5963707
1642400049.4276109
1642400120.1455693
1642400201.9567068
1642400268.5192144
1642400354.4397216
1642400423.1211748
1642400500.3937888
1642400590.353752
1642400659.8459952
1642400741.293536
1642400830.692434
1642400906.7187717
1642400987.538451
1642401070.8207726
1642401142.747506
1642401220.5477357
1642401289.0168452
1642401359.5568593
1642401435.126179
1642401514.843114
1642401594.8139586
1642401680.6865995
1642401761.1175787
1642401848.3453443
1642401939.5902197
1642402013.850765
1642402101.5525115
1642402182.248849
1642402265.99818
1642402350.6093214
1642402433.8042421
1642402517.1576824
1642402600.4066768
1642402683.1883378
1642402757.346602
1642402840.085292
1642402934.773222
1642403019.4194117
1642403102.019172
1642403179.1439734
1642403261.8185215
1642403338.5753078
1642403417.8278975
1642403503.8948457
1642403581.9278324
1642403670.0587707
1642403745.202121
1642403823.6750739
1642403896.0893726
1642403973.7771335
1642404057.4087589
1642404131.1168451
1642404220.989968
1642404308.8717246
1642404397.8530295
1642404480.2264318
1642404560.577426
1642404642.7937179
1642404715.504166
1642404801.872264
1642404880.9883072
1642404972.464333
1642405053.3217466
1642405143.5494776
1642405224.3672476
1642405305.9946828
1642405388.4222357
1642405469.260951
1642405551.1925607
1642405626.8973782
1642405708.8427107
1642405783.8699782
1642405865.157047
1642405955.1896877
1642406039.0104914
1642406115.8533804
1642406206.7511098
1642406277.2621515
1642406356.632691
1642406430.0101688
1642406511.4176662
1642406594.3647714
1642406682.64135
1642406771.9866672
1642406865.331595
1642406944.638677
1642407030.0870984
1642407116.3163197
1642407189.5263536
1642407263.4624903
1642407340.968669
1642407420.9419005
1642407510.0199382
1642407599.164588
1642407697.373117
1642407781.8823342
1642407856.4513538
1642407931.4233296
1642408006.0145845
1642408086.6299417
1642408169.0818853
1642408259.0117178
1642408353.1941533
1642408427.6330714
1642408507.0146792
1642408577.3457477
1642408648.3508837
1642408718.388419
1642408803.5076258
1642408872.456377
1642408953.6270368
1642409018.4272232
1642409114.118487
1642409205.6038005
1642409286.2493873
1642409371.4916778
1642409453.8622298
1642409540.1444807
1642409621.7817194
1642409697.815422
1642409767.4061515
1642409836.1434839
1642409912.1373181
1642409987.5199194
1642410059.3501656
1642410142.4173837
1642410215.544684
1642410274.027274
1642410354.134455
1642410419.849736
1642410499.5722363
1642410574.680401
1642410644.1583135
1642410727.0130212
1642410816.0030863
1642410892.247725
1642410967.0281444
1642411049.8272276
1642411131.669426
1642411210.2008138
1642411294.8621728
1642411379.7396882
1642411460.6524844
1642411549.8958051
1642411630.3575892
1642411712.6992297
1642411790.8305306
1642411866.025274
1642411956.6805327
1642412037.7882876
1642412135.601199
1642412212.3214772
1642412293.135377
1642412373.779165
1642412455.9108782
1642412534.816446
1642412616.3638098
1642412701.512947
1642412790.2261794
1642412863.110463
1642412953.765168
1642413028.8772757
1642413095.9275892
1642413175.8281226
1642413255.331172
1642413346.7674487
1642413425.5278935
1642413500.6447337
1642413577.5802388
1642413643.7860725
1642413724.6198192
1642413797.1302714
1642413897.9369984
1642413970.2425256
1642414048.7066064
1642414135.7617528
1642414204.213071
1642414299.3300917
1642414386.287396
1642414480.6587102
1642414552.495709
1642414628.6739175
1642414718.0706506
1642414798.7335854
1642414876.8824923
1642414965.0829282
1642415055.4799948
1642415137.199621
1642415222.2323751
1642415306.9231994
1642415397.0184722
1642415481.0188196
1642415563.403044
1642415646.263999
1642415725.8097253
1642415804.8780937
1642415873.9823573
1642415953.0846708
1642416039.6362286
1642416134.0795712
1642416228.3753057
1642416307.2033424
1642416408.374286
1642416494.3551452
1642416582.3902197
1642416665.2841008
1642416728.4279425
1642416796.3832192
1642416880.0448773
1642416961.2442212
1642417051.9358249
1642417124.6431038
1642417212.3389761
1642417297.5527427
1642417374.838635
1642417452.9956274
1642417519.7041397
1642417613.5261767
1642417675.2038996
1642417736.55533
1642417829.250368
1642417910.4062533
1642417973.905553
1642418044.1454597
1642418130.6071663
1642418202.831074
1642418278.8631556
1642418339.7373166
1642418433.5177574
1642418521.9186947
1642418589.0522778
1642418672.5724275
1642418761.2564216
1642418839.5336704
1642418931.4194016
1642419002.3016531
1642419081.059711
1642419150.6488802
1642419228.2799196
1642419304.2668126
1642419387.3378246
1642419467.337906
1642419553.26004
1642419640.9678185
1642419727.4879987
1642419820.4710288
1642419898.8796031
1642419988.780398
1642420057.815025
1642420141.4090755
1642420233.5236275
1642420322.1786852
1642420413.523515
1642420507.0006185
1642420599.2731287
1642420684.832861
1642420771.9206998
1642420864.0091884
1642420954.3272913
1642421041.7548714
1642421153.3030148
1642421237.9571161
1642421317.8365576
1642421419.4209807
1642421498.7055285
1642421587.3849165
1642421674.4931154
1642421759.083391
1642421857.6297026
1642421942.9670215
1642422047.7229075
1642422120.7100463
1642422191.9598129
1642422251.2965798
1642422330.8655117
1642422399.13175
1642422484.402269
1642422574.8967032
1642422667.1742015
1642422746.3280308
1642422835.4546552
1642422919.4975371
1642423012.1724408
1642423092.5858445
1642423182.7703207
1642423267.730937
1642423359.6355102
1642423461.62288
1642423555.6841042
1642423657.44827
1642423750.9559803
1642423838.4237394
1642423931.1066337
1642424029.4073772
1642424123.3949735
1642424207.736934
1642424305.8805952
1642424394.3054464
1642424486.8261302
1642424574.458869
1642424674.4445388
1642424764.5284414
1642424853.2288733
1642424935.0804636
1642425023.7757266
1642425104.4702349
1642425199.1741161
1642425287.07127
1642425376.2095332
1642425459.1680107
1642425536.2838283
1642425619.9642076
1642425726.9199982
1642425817.426312
1642425902.9702446
1642425993.8723462
1642426092.4743795
1642426181.3689573
1642426273.432581
1642426370.7466512
1642426448.6805422
1642426542.062358
1642426636.7869823
1642426731.9215293
1642426830.38757
1642426920.4840486
1642427013.5103755
1642427106.913213
1642427200.1107903
1642427291.0449085
1642427380.784943
1642427470.669892
1642427564.5666625
1642427656.050537
1642427748.6530242
1642427841.396803
1642427935.5905402
1642428027.9083638
1642428121.3129795
1642428219.0428894
1642428321.2936544
1642428416.426052
1642428511.0822282
1642428596.1813562
1642428690.767033
1642428781.8988237
1642428873.433156
1642428966.5939338
1642429072.363186
1642429160.321451
1642429249.4410799
1642429333.147357
1642429422.1703467
1642429515.9793334
1642429605.2864714
1642429694.2895398
1642429803.7730892
1642429897.2648432
1642429992.081381
1642430084.2264168
1642430175.243127
1642430276.604826
1642430373.0344403
1642430470.0153403
1642430572.840895
1642430661.6629388
1642430753.590904
1642430844.2046797
1642430937.8874993
1642431035.3290577
1642431123.6092403
1642431208.234597
1642431295.476951
1642431402.8702822
1642431493.8861089
1642431580.8258188
1642431668.5968835
1642431760.450911
1642431852.0093148
1642431942.3742056
1642432037.1167917
1642432124.5360444
1642432213.9772856
1642432305.8259256
1642432391.6934392
1642432476.2930686
1642432559.9633582
1642432642.7326188
1642432730.963227
1642432824.5878856
1642432913.8782008
1642432996.0048325
1642433083.6174595
1642433174.239338
1642433263.6576653
1642433351.8353646
1642433439.7286623
1642433522.5348387
1642433604.2987738
1642433697.7667384
1642433781.0898576
1642433871.4147856
1642433954.3042595
1642434034.6592104
1642434127.5725496
1642434210.6596112
1642434283.0583975
1642434368.8808413
1642434455.234421
1642434546.1545205
1642434626.3057861
1642434709.2303526
1642434802.2785654
1642434895.27173
1642434983.479725
1642435070.1418
1642435165.4899583
1642435251.9453802
1642435351.6325784
1642435470.789114
1642435549.5966098
1642435639.477476
1642435713.4436495
1642435784.0939808
1642435858.2034464
1642435928.47375
1642435996.694278
1642436078.5040007
1642436159.5179965
1642436270.0874128
1642436382.0492039
1642436487.2945144
1642436557.9200833
1642436632.6312785
1642436700.4732778
1642436781.3466432
1642436926.8511045
1642437086.150031
1642437184.742728
1642437264.668113
1642437345.4227865
1642437423.2668393
1642437519.1836855
1642437649.7385414
1642437732.6621454
1642437879.3047638
1642437957.9678395
1642438038.9680862
1642438121.2820742
1642438191.465772
1642438275.4168622
1642438375.6722562
1642438455.063638
1642438619.3986712
1642438736.3622952
1642438815.3463206
1642438891.0502367
1642438975.0155156
1642439055.0209029
1642439122.3647482
1642439208.3411143
1642439289.3836122
1642439359.7661076
1642439470.321954
1642439566.6517317
1642439642.9904892
1642439727.7387881
1642439805.7531857
1642439899.0951803
1642440032.7360237
1642440115.1998305
1642440199.778844
1642440280.777557
1642440359.884181
1642440442.8562834
1642440522.275063
1642440605.4109273
1642440693.1376173
1642440777.6423874
1642440860.0782764
1642440940.5249562
1642441022.2231777
1642441107.8952425
1642441243.2573502
1642441329.8511744
1642441411.3595853
1642441491.4925566
1642441569.110214
1642441646.5374908
1642441754.500074
1642441864.7136621
1642441945.19128
1642442029.607535
1642442120.6953635
1642442203.1202693
1642442282.1025004
1642442430.7413363
1642442502.4615967
1642442605.2291038
1642442696.1664875
1642442785.7091377
1642442920.7270906
1642443002.0461004
1642443082.7699468
1642443190.0557544
1642443283.6542544
1642443399.6121168
1642443482.3297124
1642443567.7554
1642443672.58828
1642443778.4440615
1642443901.2736616
1642443985.889093
1642444066.7794538
1642444191.7606964
1642444272.4063306
1642444364.8797061
1642444447.6673276
1642444530.6902711
1642444656.7611454
1642444754.7845685
1642444838.8445022
1642444917.5210555
1642445035.8217325
1642445186.8887148
1642445326.0369956
1642445410.7332413
1642445481.1129189
1642445570.751149
1642445654.5440788
1642445736.1139436
1642445817.0768232
1642445902.4335563
1642445984.6551747
1642446068.3293056
1642446152.8856692
1642446234.095754
1642446315.9862545
1642446401.9515777
1642446480.9273648
1642446564.5077693
1642446671.1458294
1642446765.8741596
1642446880.5953424
1642446967.015333
1642447052.2671082
1642447133.4865222
1642447215.7917683
1642447302.6215627
1642447436.0953436
1642447523.9526742
1642447609.5328233
1642447686.0235214
1642447769.0702972
1642447852.098683
1642447936.248609
1642448023.7003472
1642448119.6305563
1642448203.5709443
1642448287.575865
1642448370.109669
1642448456.5676367
1642448541.5922353
1642448712.1073432
1642448829.8992875
1642448912.5754607
1642448999.5886838
1642449082.6224682
1642449168.270476
1642449252.2240868
1642449340.9245806
1642449429.2349677
1642449527.866921
1642449653.0485115
1642449777.9667523
1642449860.5511734
1642449945.9121993
1642450041.674882
1642450163.4620693
1642450268.9003181
1642450356.1443553
1642450443.4062958
1642450522.3185961
1642450608.0565004
1642450695.1423209
1642450779.191771
1642450865.6019251
1642450951.3346632
1642451026.7620726
1642451124.45522
1642451213.026311
1642451296.3460171
1642451378.4269943
1642451463.4866433
1642451548.9898968
1642451632.1955698
1642451718.6694121
1642451801.5885642
1642451885.5821056
1642452037.836419
1642452166.7948172
1642452294.6255007
1642452423.061976
1642452507.9295564
1642452600.284979
1642452687.3235269
1642452775.216469
1642452858.8943396
1642452942.7656767
1642453028.1401258
1642453116.6801977
1642453202.853139
1642453317.8989162
1642453469.3215196
1642453547.9634721
1642453632.7872806
1642453706.4290912
1642453825.505456
1642454003.1951702
1642454161.7936785
1642454255.912718
1642454360.2563906
1642454476.3440194
1642454543.6849644
1642454611.8671918
1642454685.3258421
1642454754.6549764
1642454837.3004465
1642454928.3626409
1642455041.7096565
1642455125.898036
1642455194.4634297
1642455276.9072545
1642455373.7572947
1642455455.93358
1642455546.8154716
1642455645.2943473
1642455735.1478648
1642455838.232769
1642455930.6067061
1642456024.6667454
1642456126.6533482
1642456225.8453596
1642456326.43126
1642456427.8024564
1642456524.0055897
1642456620.580994
1642456685.2677298
1642456790.6397665
1642456870.430936
1642456969.8679955
1642457051.15946
1642457138.9242783
1642457219.641914
1642457316.1679099
1642457398.8364363
1642457481.8081348
1642457562.065235
1642457654.6380463
1642457743.680557
1642457832.6268523
1642457939.1295311
1642458025.2204697
1642458114.1762693
1642458201.074149
1642458296.9716084
1642458398.499049
1642458501.4602096
1642458603.4466429
1642458700.070031
1642458792.658365
1642458886.9470413
1642458983.3938582
1642459074.7169724
1642459169.3248432
1642459258.4091444
1642459360.2984307
1642459454.5834672
1642459544.777708
1642459651.4234412
1642459748.6252704
1642459829.3200743
1642459922.9104056
1642460029.7898853
1642460131.3039777
1642460232.2279844
1642460329.930366
1642460428.6281006
1642460541.3953066
1642460641.0187368
1642460746.0069063
1642460845.6156983
1642460958.8298657
1642461058.626932
1642461155.0785956
1642461260.5730677
1642461355.8277206
1642461452.4910054
1642461550.0416167
1642461650.7375817
1642461759.526313
1642461857.7778418
1642461959.396177
1642462053.7055109
1642462152.0903866
1642462249.536088
1642462360.153751
1642462464.706071
1642462570.6040826
1642462661.9739397
1642462758.2057307
1642462852.3649259
1642462955.4481707
1642463053.729551
1642463157.4683685
1642463258.7257912
1642463352.5443864
1642463456.764258
1642463553.2794375
1642463660.7695868
1642463756.4001493
1642463850.6946466
1642463957.589143
1642464055.922234
1642464162.0463798
1642464260.8378687
1642464359.1392982
1642464451.001881
1642464548.06635
1642464655.3089962
1642464758.4979045
1642464853.1660745
1642464959.0374992
1642465055.6634524
1642465153.9568686
1642465259.5821257
1642465364.8278196
1642465471.0830812
1642465572.834403
1642465668.8656743
1642465778.968811
1642465879.3868167
1642465983.2837536
1642466078.8975747
1642466176.5063832
1642466272.6333497
1642466364.405855
1642466446.7356927
1642466545.5337927
1642466618.4509897
1642466718.096771
1642466822.8832858
1642466911.0652869
1642466997.6933117
1642467110.642556
1642467204.9324896
1642467285.2819889
1642467370.3315048
1642467475.2146173
1642467568.4309428
1642467671.3115761
1642467771.7099469
1642467876.2913275
1642467969.999106
1642468084.3083346
1642468177.1383114
1642468274.114989
1642468372.9480553
1642468476.22824
1642468586.4619243
1642468702.6879458
1642468791.116018
1642468897.3619149
1642468997.8059316
1642469105.476558
1642469204.5122712
1642469307.137867
1642469402.0856295
1642469499.2503107
1642469591.2042248
1642469692.4904428
1642469789.1814487
1642469885.4632363
1642469983.766068
1642470085.6756585
1642470192.2651887
1642470296.2163458
1642470396.9845326
1642470494.904292
1642470609.7625968
1642470721.1001153
1642470818.3835883
1642470916.076298
1642471030.5234056
1642471129.069658
1642471240.1559608
1642471346.9132261
1642471444.3263803
1642471558.4052873
1642471657.8848991
1642471758.17822
1642471859.4988608
1642471961.0428257
1642472069.549719
1642472178.4914134
1642472271.1437674
1642472368.049973
1642472468.269758
1642472567.8551843
1642472672.6521668
1642472771.0479293
1642472863.9721363
1642472977.077115
1642473096.8661625
1642473207.5228174
1642473307.928631
1642473413.254174
1642473514.3994713
1642473607.9191682
1642473728.941438
1642473825.3214777
1642473937.86873
1642474034.3675704
1642474144.1919503
1642474252.2396562
1642474345.6275423
1642474443.3852842
1642474558.078035
1642474661.2262843
1642474772.488434
1642474896.8665998
1642475014.1545122
1642475109.772704
1642475214.2718682
1642475320.129683
1642475433.0275288
1642475542.4502501
1642475642.5653167
1642475772.1416278
1642475878.8587034
1642475999.705169
1642476116.588453
1642476233.3104017
1642476339.2186556
1642476455.900674
1642476568.8728921
1642476674.4123085
1642476785.8383512
1642476894.3884876
1642476998.9182382
1642477102.6370296
1642477199.7279828
1642477306.0473628
1642477413.3956268
1642477518.397813
1642477615.0666373
1642477741.7335443
1642477838.4790363
1642477948.7548718
1642478057.9606836
1642478160.8228793
1642478262.7263067
1642478365.3720982
1642478470.7855482
1642478571.273964
1642478666.8414512
1642478763.5298204
1642478881.7489223
1642478999.226499
1642479101.146787
1642479198.851287
1642479310.150238
1642479414.1626885
1642479531.805391
1642479637.2005455
1642479729.1577132
1642479829.3120685
1642479932.474051
1642480042.784648
1642480142.9338295
1642480247.0683775
1642480354.4103036
1642480470.555178
1642480566.348858
1642480666.2936883
1642480800.574188
1642480903.474528
1642481007.7780292
1642481116.3354616
1642481225.02137
1642481324.5162814
1642481431.2851279
1642481538.6463995
1642481645.7481446
1642481745.3719907
1642481863.1574502
1642481965.8859103
1642482077.0800557
1642482179.2798998
1642482277.7674527
1642482401.9969876
1642482505.4053416
1642482609.4227064
1642482728.963826
1642482821.8792007
1642482932.4143498
1642483038.3985121
1642483136.3505604
1642483237.0420482
1642483345.34692
1642483447.0663264
1642483558.365971
1642483658.7275522
1642483763.186595
1642483882.5357256
1642483984.078717
1642484095.622838
1642484189.652717
1642484296.4369435
1642484394.5245574
1642484513.6787157
1642484618.0816538
1642484731.6854558
1642484835.9245794
1642484940.1252801
1642485047.4699526
1642485158.4703977
1642485261.9176624
1642485372.4269164
1642485475.7931044
1642485579.8099585
1642485682.1621265
1642485784.6970575
1642485891.8142464
1642485996.8119152
1642486098.9722624
1642486213.043841
1642486317.9502764
1642486411.9183912
1642486518.1626244
1642486629.588314
1642486731.344692
1642486845.1088786
1642486944.8920593
1642487051.6569316
1642487141.565786
1642487260.0610526
1642487370.802175
1642487478.003668
1642487578.7429192
1642487679.5473967
1642487795.3398783
1642487912.4233682
1642488023.1518908
1642488133.9739034
1642488247.6280246
1642488355.5622838
1642488469.6171508
1642488577.1138709
1642488702.90677
1642488812.8005373
1642488915.6739697
1642489019.078507
1642489122.7425377
1642489239.764744
1642489341.3024378
1642489453.1890054
1642489559.5447638
1642489664.4870443
1642489764.6938202
1642489865.0291562
1642489971.147466
1642490080.6153073
1642490181.755994
1642490290.332494
1642490387.4513347
1642490485.6842785
1642490584.9537957
1642490687.4206324
1642490799.2680984
1642490904.1338842
1642491001.431364
1642491100.6504471
1642491207.073432
1642491318.8150368
1642491429.213206
1642491544.8705976
1642491658.185453
1642491768.4941356
1642491892.6970904
1642491997.8546498
1642492109.2512817
1642492220.0611463
1642492330.568443
1642492432.8672886
1642492538.5231903
1642492645.4282227
1642492760.1269796
1642492882.0925684
1642492981.9529736
1642493099.7506182
1642493208.2624857
1642493321.1013267
1642493431.7475727
1642493548.8729653
1642493652.953214
1642493753.0021906
1642493872.3758183
1642493984.412603
1642494097.1654234
1642494221.7621684
1642494324.529032
1642494428.7765665
1642494540.1199007
1642494655.9587324
1642494757.5059185
1642494867.9235463
1642494968.251295
1642495077.8478281
1642495191.3366804
1642495318.103744
1642495432.248877
1642495551.2254512
1642495650.1510007
1642495755.1190531
1642495863.7234066
1642495976.2000484
1642496101.9463155
1642496214.3474674
1642496318.655824
1642496430.5731707
1642496560.185444
1642496668.434354
1642496777.289317
1642496885.9099078
1642496992.5232005
1642497100.9167624
1642497202.607335
1642497314.6469886
1642497421.3265843
1642497532.6640964
1642497638.6274858
1642497743.233608
1642497842.9098818
1642497966.5283585
1642498077.5885465
1642498193.7220356
1642498304.5277555
1642498410.5921547
1642498517.6985846
1642498627.8570168
1642498734.7464237
1642498857.1327949
1642498971.326067
1642499074.4342039
1642499179.606546
1642499282.406417
1642499393.1740735
1642499503.084862
1642499605.0808384
1642499719.2443168
1642499820.21037
1642499934.2968998
1642500044.917679
1642500165.012063
1642500270.4290373
1642500375.1449387
1642500483.2651901
1642500597.1852157
1642500714.1008213
1642500822.9733112
1642500930.2605903
1642501037.2605321
1642501149.661912
1642501262.0098276
1642501362.5504606
1642501478.3146412
1642501587.7749648
1642501704.1437047
1642501820.098901
1642501934.3239138
1642502041.3155477
1642502153.9498882
1642502267.284265
1642502387.2274146
1642502502.5744028
1642502614.9318209
1642502726.9133203
1642502833.0268602
1642502939.338249
1642503046.9946709
1642503158.2162101
1642503272.0398548
1642503377.6920843
1642503487.38721
1642503597.9783082
1642503708.1406198
1642503812.1707873
1642503922.6486948
1642504031.5896153
1642504146.1709387
1642504254.8062007
1642504348.4785535
1642504455.95617
1642504561.1335137
1642504677.7501867
1642504791.1208618
1642504910.8672805
1642505036.209134
1642505153.2402909
1642505263.504062
1642505378.7465177
1642505492.0501287
1642505612.032304
1642505732.2032719
1642505863.3604288
1642505976.9852638
1642506084.2181976
1642506189.9521897
1642506307.8597286
1642506396.3936768
1642506502.6478465
1642506606.3962576
1642506717.7971075
1642506847.3961432
1642506955.640584
1642507067.4538531
1642507219.4275854
1642507319.5721622
1642507421.3665333
1642507539.191162
1642507738.5894039
1642507872.898173
1642507974.612941
1642508077.1164627
1642508173.7579763
1642508271.6875987
1642508374.1600175
1642508471.471739
1642508569.7858808
1642508672.1950648
1642508769.7156742
1642508872.432584
1642508983.3397622
1642509080.5794988
1642509180.469128
1642509278.629344
1642509376.2744381
1642509478.2490888
1642509583.0392692
1642509685.649537
1642509785.90213
1642509888.4965858
1642509994.0489826
1642510096.762581
1642510197.4688318
1642510303.335115
1642510401.5824034
1642510489.3060246
1642510581.1996672
1642510665.578277
1642510810.8593028
1642510896.1912613
1642510993.3479335
1642511100.2794573
1642511188.9401991
1642511289.792613
1642511376.8015802
1642511479.704411
1642511567.878329
1642511675.7104018
1642511822.9243205
1642511926.4593499
1642512063.6989105
1642512167.3561912
1642512269.949722
1642512358.932756
1642512449.045014
1642512553.5254946
1642512705.8354034
1642512812.057062
1642512914.7646163
1642513017.3826237
1642513120.8935757
1642513230.5502207
1642513331.594663
1642513431.8900464
1642513536.1276119
1642513639.6912792
1642513739.7494571
1642513842.53807
1642513945.3855264
1642514105.7568417
1642514208.603249
1642514310.0876129
1642514416.4264464
1642514524.6336713
1642514618.5612664
1642514728.5657408
1642514831.747587
1642514960.541472
1642515082.3940556
1642515172.8005042
1642515284.669402
1642515414.5737696
1642515514.710842
1642515610.2653308
1642515710.4216967
1642515811.2458804
1642515898.36933
1642516002.0301466
1642516098.6291513
1642516210.7326205
1642516295.638813
1642516400.8219743
1642516506.7230422
1642516600.372328
1642516703.7021801
1642516803.875059
1642516904.3295848
1642517008.4139507
1642517110.1627645
1642517251.7042408
1642517377.4826865
1642517516.0713325
1642517620.7086523
1642517723.8084464
1642517808.6753273
1642517908.9724379
1642517997.585951
1642518093.3571968
1642518183.0423694
1642518321.512558
1642518420.8873906
1642518526.8260775
1642518615.2430112
1642518707.7929947
1642518833.357204
1642518922.458216
1642519084.7777226
1642519174.6243157
1642519274.823384
1642519364.9730742
1642519466.7348886
1642519557.4875488
1642519731.8208425
1642519875.7799613
1642519982.1838481
1642520099.2571251
1642520246.792577
1642520389.3737621
1642520499.2172072
1642520605.8841698
1642520707.770877
1642520817.3430114
1642520921.4600174
1642521021.9676151
1642521126.564057
1642521232.5981994
1642521339.8505478
1642521448.7171671
1642521605.9988601
1642521709.0722988
1642521811.5002847
1642521918.4494987
1642522018.0142765
1642522106.3027773
1642522217.1892486
1642522312.331879
1642522421.254998
1642522526.0162363
1642522626.5661647
1642522729.9233134
1642522837.9909883
1642522943.2907991
1642523046.7406216
1642523152.2443187
1642523261.8764083
1642523362.6892214
1642523455.2588792
1642523546.3843725
1642523649.4972723
1642523742.016149
1642523851.6100526
1642523959.37386
1642524069.0787094
1642524219.9417875
1642524338.3396375
1642524439.1204238
1642524601.8557403
1642524771.0520785
1642524888.9076812
1642525035.083303
1642525184.7493598
1642525298.8593457
1642525407.8009937
1642525516.6176422
1642525622.7834804
1642525726.952442
1642525836.1714275
1642525942.6645396
1642526045.8928819
1642526146.4821396
1642526256.501962
1642526365.0341508
1642526468.3268251
1642526577.5274906
1642526684.3842306
1642526790.1744297
1642526894.0364456
1642527002.4845352
1642527106.9743242
1642527211.2875443
1642527322.9886544
1642527427.5417194
1642527533.4079232
1642527652.969843
1642527800.4639666
1642527906.9909823
1642528062.4324834
1642528186.4870446
1642528359.0437348
1642528460.1051385
1642528565.1759942
1642528675.9385836
1642528780.2510374
1642528887.1334686
1642529020.3602965
1642529144.4709518
1642529318.5703585
1642529422.0667365
1642529529.795173
1642529645.0458462
1642529810.106154
1642529913.3786237
1642530021.484155
1642530122.7252471
1642530273.897876
1642530378.923421
1642530519.7585723
1642530682.0648983
1642530811.5398214
1642530905.1806107
1642531013.4268565
1642531116.4869797
1642531216.0493975
1642531317.3283892
1642531419.0390341
1642531524.578956
1642531689.6132817
1642531788.919524
1642531893.6405492
1642532004.130065
1642532109.507069
1642532222.8744862
1642532328.803753
1642532445.7664678
1642532602.405989
1642532717.563171
1642532835.6195748
1642532973.6201913
1642533096.547058
1642533211.738669
1642533328.768869
1642533446.8983846
1642533570.1218667
1642533688.622473
1642533801.3914661
1642533926.3948977
1642534063.9717722
1642534175.1680577
1642534295.2690473
1642534421.4796648
1642534544.849437
1642534667.9287403
1642534780.332855
1642534901.1798892
1642535028.1557293
1642535152.7242448
1642535277.0392566
1642535398.0346503
1642535519.1430628
1642535654.315684
1642535789.3681858
1642535904.313676
1642536002.298816
1642536114.9452982
1642536221.016904
1642536343.7257068
1642536464.6191747
1642536581.5219765
1642536702.6698072
1642536823.9238396
1642536946.4640338
1642537067.3755405
1642537192.8435247
1642537315.8695767
1642537436.3611715
1642537543.157735
1642537655.4562469
1642537786.7346802
1642537908.2258976
1642538033.8222272
1642538153.7927186
1642538282.087957
1642538407.0895305
1642538524.6532464
1642538642.5491123
1642538757.2185307
1642538886.3746705
1642538996.800571
1642539126.297696
1642539246.2845185
1642539365.327347
1642539489.4200642
1642539615.7504241
1642539738.1948059
1642539860.5358393
1642539984.1973774
1642540106.7091596
1642540229.2070384
1642540347.5933297
1642540468.6857333
1642540593.2499716
1642540708.599727
1642540835.8711765
1642540954.9362943
1642541073.899614
1642541193.6816056
1642541316.4774985
1642541443.986599
1642541569.2136598
1642541687.8671992
1642541814.7283168
1642541939.3587356
1642542060.7535994
1642542199.113943
1642542330.3888955
1642542443.4486735
1642542566.6883388
1642542688.4857652
1642542796.8085427
1642542920.3482647
1642543050.4435923
1642543167.8651145
1642543289.711003
1642543406.2852843
1642543523.6544735
1642543649.6024606
1642543765.9840138
1642543891.6092691
1642544014.8826709
1642544146.3824399
1642544272.6664968
1642544390.7729735
1642544508.0970907
1642544635.0918853
1642544752.875802
1642544885.7011733
1642545001.789588
1642545126.238012
1642545235.736663
1642545358.4891276
1642545480.8915343
1642545597.9887753
1642545724.3449223
1642545840.286374
1642545951.0576348
1642546074.9886258
1642546192.223863
1642546308.9049828
1642546431.0269778
1642546557.3736825
1642546679.6836948
1642546797.0585558
1642546914.3214192
1642547040.2299173
1642547166.5155034
1642547290.9520679
1642547415.558329
1642547539.5160794
1642547666.3601887
1642547790.5078795
1642547914.7669158
1642548044.1311939
1642548179.0024447
1642548305.1111104
1642548431.081754
1642548553.4925358
1642548673.534588
1642548803.9654331
1642548926.2794049
1642549047.7318897
1642549164.3821924
1642549304.8573475
1642549435.7345288
1642549551.8358085
1642549682.6775422
1642549808.5891528
1642549934.7936242
1642550067.827296
1642550194.239122
1642550319.7071006
1642550443.5524268
1642550568.855069
1642550691.3405862
1642550811.8811994
1642550926.6588671
1642551056.435098
1642551175.9710574
1642551295.5300386
1642551404.2716854
1642551522.2158897
1642551642.7173765
1642551777.1649294
1642551893.5100791
1642552020.1324546
1642552135.3328257
1642552264.8420782
1642552392.7586493
1642552512.6277285
1642552635.101466
1642552749.8350253
1642552864.5831935
1642553006.5570486
1642553120.60208
1642553238.4704213
1642553362.704102
1642553477.602723
1642553593.4858875
1642553731.1013093
1642553841.7021554
1642553966.2629592
1642554093.1110125
1642554215.6685352
1642554329.5495768
1642554450.1899304
1642554581.2963076
1642554695.3865516
1642554821.1518366
1642554942.6683426
1642555059.6018968
1642555177.047917
1642555309.2462
1642555430.0520763
1642555543.0637252
1642555664.997449
1642555795.1209562
1642555930.0437133
1642556052.4120972
1642556172.8143988
1642556299.2030692
1642556414.811508
1642556532.5489974
1642556641.1905887
1642556811.2816792
1642556962.7358024
1642557075.9121149
1642557193.1337905
1642557299.6941986
1642557404.132025
1642557510.436861
1642557626.7914743
1642557738.5604856
1642557943.280335
1642558096.6010413
1642558273.5910254
1642558383.7704804
1642558497.935106
1642558607.5648384
1642558717.8291636
1642558833.7427049
1642558956.303457
1642559113.816581
1642559227.440061
1642559373.4825447
1642559485.8820567
1642559593.649065
1642559711.0815785
1642559830.1386333
1642559943.8731904
1642560052.1030357
1642560164.9797773
1642560282.7853346
1642560384.5925117
1642560493.2297034
1642560602.0644476
1642560779.2053893
1642560901.1149294
1642561010.8230636
1642561123.6301646
1642561236.7520916
1642561347.0256164
1642561438.870631
1642561548.0635796
1642561650.0139697
1642561842.362616
1642562005.6571813
1642562118.9169931
1642562276.740576
1642562391.6575706
1642562507.9771893
1642562665.0577724
1642562758.784488
1642562854.6475363
1642562968.407718
1642563045.9498496
1642563143.6701193
1642563247.2747548
1642563326.0614777
1642563437.3542368
1642563520.8560119
1642563692.7466712
1642563817.0225418
1642563929.834579
1642564036.022598
1642564143.7004936
1642564255.0260437
1642564361.49396
1642564474.9679031
1642564605.9208722
1642564767.1964443
1642564879.9916582
1642565000.7957854
1642565173.5999997
1642565282.529438
1642565395.5010588
1642565500.5715654
1642565596.7560098
1642565696.5536883
1642565787.785344
1642565887.2174096
1642565971.96515
1642566072.8413095
1642566185.974375
1642566298.2766695
1642566421.7080734
1642566548.905574
1642566659.8990006
1642566771.0214086
1642566880.3055813
1642566991.5046885
1642567126.812243
1642567244.4609315
1642567388.7300043
1642567525.6100566
1642567664.0164974
1642567782.3071291
1642567893.9439695
1642568008.1088016
1642568117.5955682
1642568230.1354785
1642568348.3432074
1642568466.8074427
1642568581.8538947
1642568693.4793243
1642568808.8421843
1642568925.813747
1642569069.7045496
1642569184.1483824
1642569262.608173
1642569355.6273375
1642569436.2721028
1642569523.3233697
1642569620.5629086
1642569716.6309888
1642569814.9702961
1642569908.546845
1642570028.0874827
1642570150.0903354
1642570226.9387019
1642570317.3213847
1642570430.4241645
1642570509.6048965
1642570599.5370386
1642570711.6904807
1642570811.0077224
1642570903.1489222
1642571015.5850616
1642571092.641304
1642571203.7012796
1642571296.4135795
1642571392.276635
1642571517.1206672
1642571634.0618482
1642571811.9652908
1642571920.4883764
1642572054.09551
1642572164.9482918
1642572279.8716784
1642572392.3015275
1642572512.0765765
1642572631.7518282
1642572745.0097225
1642572860.0759935
1642572976.9644258
1642573132.3172736
1642573244.527909
1642573356.8906085
1642573474.1811333
1642573589.131695
1642573708.4491935
1642573818.7962868
1642573932.298144
1642574146.959054
1642574273.0534155
1642574460.2300298
1642574599.046567
1642574760.506066
1642574871.261445
1642574990.1834729
1642575103.7235057
1642575222.2824855
1642575335.8429182
1642575447.6264107
1642575561.1941433
1642575711.591747
1642575832.6332173
1642575952.681831
1642576111.7564144
1642576236.3776574
1642576407.1197886
1642576522.6064487
1642576639.7458274
1642576771.2645948
1642576904.5136976
1642577023.347528
1642577209.671642
1642577356.6716712
1642577472.3104768
1642577598.1253307
1642577766.8046944
1642577884.604914
1642578005.6641235
1642578120.9620135
1642578236.0344996
1642578350.5825126
1642578461.2270207
1642578610.9394064
1642578721.3111792
1642578838.9117117
1642578961.8098183
1642579076.5484354
1642579193.146114
1642579336.1895235
1642579449.431062
1642579607.1744485
1642579733.4753115
1642579875.1006222
1642579990.89041
1642580103.2263026
1642580216.5966077
1642580326.5887341
1642580442.9973896
1642580562.744682
1642580682.1366518
1642580815.075511
1642580934.3924322
1642581049.0331628
1642581164.8195248
1642581281.1352346
1642581393.4906428
1642581504.6715038
1642581622.069973
1642581742.8726914
1642581855.128022
1642581971.1763234
1642582093.3255029
1642582262.528088
1642582382.5043883
1642582493.3166068
1642582607.1397629
1642582734.003603
1642582890.9647012
1642583007.6640906
1642583151.8328536
1642583276.7625408
1642583390.5951116
1642583510.997517
1642583625.783484
1642583760.0561392
1642583877.8755069
1642583993.5968351
1642584107.6401784
1642584217.1415236
1642584395.21858
1642584526.2328825
1642584688.534654
1642584806.2024627
1642584924.7404044
1642585074.8177083
1642585191.8534334
1642585305.4623487
1642585428.257753
1642585594.7292368
1642585727.707891
1642585860.0929685
1642585983.4962013
1642586117.2339528
1642586251.284739
1642586372.226875
1642586492.5440724
1642586608.7037857
1642586793.720368
1642586912.4545135
1642587036.1873229
1642587153.2100048
1642587265.3497574
1642587382.7773683
1642587557.0348854
1642587679.4573746
1642587851.829182
1642588070.191505
1642588203.0106025
1642588318.7627914
1642588438.80711
1642588562.4342341
1642588678.8795037
1642588791.3156264
1642588910.527281
1642589037.1749504
1642589161.6052473
1642589278.1076093
1642589457.6714895
1642589576.4361196
1642589693.6150615
1642589851.4479115
1642589987.9318075
1642590110.136686
1642590230.222162
1642590345.735968
1642590461.640285
1642590645.2943153
1642590767.1770036
1642590893.1290903
1642591036.6401017
1642591211.6475132
1642591395.0732248
1642591546.396176
1642591671.714001
1642591793.704219
1642591910.9964328
1642592032.9618335
1642592147.936571
1642592320.3389132
1642592433.0983
1642592550.049821
1642592671.1110582
1642592786.3145669
1642592904.0556457
1642593022.3175242
1642593137.7238119
1642593261.2553103
1642593373.7029622
1642593554.9558856
1642593677.4013567
1642593798.8581896
1642593922.390732
1642594045.473762
1642594167.7151306
1642594292.4105594
1642594392.9051769
1642594509.218032
1642594632.0501757
1642594749.2903488
1642594850.4268258
1642594970.6618114
1642595080.9026275
1642595204.2501826
1642595322.1470046
1642595446.6067195
1642595570.344007
1642595694.9567933
1642595821.4991887
1642595969.4231741
1642596155.906114
1642596393.0947733
1642596510.8411272
1642596633.784909
1642596752.3669312
1642596878.3626382
1642597001.8939426
1642597118.7729826
1642597244.227763
1642597367.7719498
1642597490.6708543
1642597618.1723123
1642597734.9194121
1642597863.730722
1642598068.8508608
1642598188.5959537
1642598310.8035264
1642598456.8115861
1642598583.3262193
1642598742.195861
1642598946.4205546
1642599076.7418787
1642599196.1396286
1642599320.3067017
1642599445.352487
1642599586.8412695
1642599707.9362633
1642599854.2179554
1642599971.1355345
1642600128.4061933
1642600303.783266
1642600461.7602088
1642600588.7762759
1642600731.0642178
1642600901.3255095
1642601052.7741964
1642601174.9949117
1642601296.752322
1642601420.1060355
1642601547.781371
1642601809.9777582
1642601954.1882253
1642602128.7419534
1642602336.9022028
1642602482.4903007
1642602686.325197
1642602817.2191396
1642602944.240442
1642603132.9298952
1642603262.5422518
1642603384.8571186
1642603512.6029263
1642603634.701298
1642603798.6148055
1642603946.0359788
1642604076.2132273
1642604236.7547095
1642604356.6513186
1642604557.4522898
1642604667.138065
1642604786.8038993
1642604895.1671662
1642605013.9008286
1642605232.586547
1642605354.825117
1642605486.350018
1642605606.367431
1642605729.9878125
1642605855.410403
1642606028.5876262
1642606172.8367693
1642606390.916876
1642606567.3130584
1642606701.0134199
1642606884.350976
1642607086.2851243
1642607215.3672082
1642607333.9474373
1642607457.6835563
1642607581.499065
1642607699.6737947
1642607825.733082
1642608016.1744459
1642608269.5951726
1642608393.494666
1642608521.7091324
1642608659.6912198
1642608826.8386304
1642608958.7902896
1642609221.6457376
1642609343.8991141
1642609461.1564403
1642609588.038516
1642609712.1705384
1642609837.7086601
1642609963.987183
1642610139.0049136
1642610270.5611894
1642610400.6892471
1642610527.2851112
1642610655.307306
1642610790.6059618
1642610912.3934531
1642611074.1089346
1642611200.7317948
1642611335.4265947
1642611532.6141756
1642611694.1872885
1642611815.785362
1642612032.5453045
1642612191.6235962
1642612321.2648406
1642612506.7028196
1642612643.3011723
1642612773.7604127
1642612906.4963715
1642613033.908751
1642613156.823119
1642613285.0302563
1642613408.5382602
1642613529.4284399
1642613667.8751452
1642613933.7119184
1642614109.0054443
1642614235.032176
1642614360.3756526
1642614539.390481
1642614733.4264607
1642614854.227688
1642614983.702537
1642615110.238573
1642615236.112095
1642615358.619872
1642615527.4021564
1642615653.4682376
1642615787.0577333
1642615916.3877406
1642616045.5312912
1642616168.2071502
1642616428.2876613
1642616653.4531739
1642616845.0420198
1642617051.3900332
1642617215.5237253
1642617345.3704407
1642617474.138556
1642617600.796479
1642617724.8447018
1642617850.8786623
1642618028.3404179
1642618235.6040182
1642618362.8640575
1642618490.503391
1642618626.4435723
1642618789.002945
1642618915.9252214
1642619042.026437
1642619166.448859
1642619295.344282
1642619430.3886235
1642619598.8526273
1642619728.13858
1642619913.6858401
1642620038.674566
1642620168.0391421
1642620306.0958261
1642620544.139823
1642620695.7618806
1642620821.5780563
1642620957.5327764
1642621209.147472
1642621443.7956765
1642621577.078942
1642621842.4148602
1642622057.1869287
1642622234.3128626
1642622393.4754279
1642622520.625509
1642622643.479086
1642622767.8574762
1642622890.9145644
1642623019.3766224
1642623241.0461655
1642623368.3634768
1642623495.9315374
1642623628.2853723
1642623768.5933058
1642624021.1985223
1642624279.994127
1642624401.4426053
1642624531.8797982
1642624657.7884865
1642624780.7819963
1642624963.8713927
1642625090.362595
1642625245.4826748
1642625400.8873794
1642625530.5979419
1642625731.2569196
1642625915.0363307
1642626045.460211
1642626202.8262513
1642626338.296924
1642626475.3113174
1642626607.6545148
1642626739.0985906
1642626907.3213594
1642627040.4274364
1642627208.3880944
1642627384.733897
1642627518.6038322
1642627691.152272
1642627829.5092216
1642627964.571218
1642628124.2000682
1642628280.187645
1642628516.711021
1642628650.0051959
1642628789.9386337
1642628945.7117648
1642629082.2758746
1642629215.1316009
1642629345.4250758
1642629512.5960667
1642629643.4306715
1642629773.5962107
1642629910.5987282
1642630074.4476159
1642630254.618177
1642630404.9310448
1642630575.7064
1642630734.0849054
1642630858.21917
1642631037.5130465
1642631165.9192317
1642631317.1304166
1642631494.6223893
1642631653.6420023
1642631837.3261416
1642631983.3368566
1642632166.4557345
1642632324.1872692
1642632468.1186736
1642632599.6209207
1642632777.5420735
1642632917.8577394
1642633102.780041
1642633227.783068
1642633366.75273
1642633539.808053
1642633684.6828222
1642633848.4823542
1642633994.8471036
1642634162.3505473
1642634324.420338
1642634487.1679444
1642634639.8139079
1642634780.3259895
1642634974.3611476
1642635115.5314355
1642635241.5067914
1642635393.6629238
1642635551.3241754
1642635728.071848
1642635895.8425636
1642636079.0633316
1642636236.8398736
1642636431.949049
1642636575.0599084
1642636735.085545
1642636894.2899952
1642637031.23824
1642637184.2824786
1642637370.1148603
1642637530.6728597
1642637706.294485
1642637838.887459
1642638024.611663
1642638166.4735854
1642638321.2329295
1642638481.6695945
