9.315498352050781
25.6115620136261
40.86099934577942
55.11664795875549
74.86773467063904
90.49564957618713
102.8880352973938
117.40976405143738
133.5226845741272
157.13530898094177
171.24244284629822
185.69857454299927
204.90152645111084
215.41913866996765
226.70723295211792
237.798326253891
248.77098393440247
257.5572943687439
266.75893354415894
277.8204312324524
287.9560205936432
298.42281436920166
309.2476122379303
318.2236669063568
334.98018074035645
345.87418603897095
357.7912702560425
370.82560443878174
387.76324343681335
396.78447365760803
406.060653924942
420.9950706958771
432.89153695106506
443.6211094856262
456.90594124794006
466.4863784313202
476.7783715724945
486.29410457611084
497.5786786079407
507.5056526660919
517.8611159324646
536.4631681442261
553.5310678482056
571.0070950984955
584.9535238742828
601.8547985553741
621.7525861263275
633.9059524536133
649.0060179233551
661.3301401138306
677.039571762085
690.9471476078033
709.6421191692352
721.2972898483276
735.9968936443329
748.407252073288
761.9289412498474
774.5757493972778
790.1650855541229
801.7586109638214
818.1016561985016
845.0001776218414
870.5890588760376
889.2518239021301
907.5902638435364
922.4906713962555
937.2347526550293
959.8816347122192
980.9818871021271
995.8193881511688
1007.7414512634277
1019.142630815506
1031.6387643814087
1043.7422635555267
1062.0093357563019
1083.3515183925629
1108.974561214447
1122.172658443451
1135.2275230884552
1150.9285464286804
1165.8876984119415
1182.3666687011719
1202.8798940181732
1222.7813792228699
1238.2889862060547
1252.3594233989716
1265.8512494564056
1287.1859862804413
1301.95663022995
1317.6602590084076
1332.491384267807
1349.8413152694702
1370.95166182518
1385.7030181884766
1400.8908379077911
1421.5756137371063
1438.7370688915253
1454.371910572052
1472.7867667675018
1488.5916075706482
1505.3228106498718
1525.3180756568909
1539.8155958652496
1557.192556142807
1575.0084941387177
1589.6015367507935
1604.178010225296
1619.1620349884033
1633.2280957698822
1649.0319712162018
1666.2910540103912
1679.970458984375
1697.7330198287964
1716.9953792095184
1734.2463328838348
1753.5895581245422
1773.895639181137
1794.6350359916687
1813.0807054042816
1830.0854737758636
1846.8510794639587
1863.692789554596
1879.236023426056
1897.0425391197205
1915.660938501358
1930.9979944229126
1950.082818031311
1969.9402606487274
1986.8235278129578
2001.9292135238647
2023.4010100364685
2047.1330978870392
2068.0529079437256
2087.3459482192993
2102.043454885483
2115.8605687618256
2136.18666267395
2151.623309612274
2169.1229071617126
2183.730187892914
2214.194703578949
2233.6510994434357
2249.057799100876
2269.1836309432983
2291.4520876407623
2314.3747975826263
2338.339997291565
2359.898949623108
2375.642638206482
2391.7102839946747
2418.493554830551
2437.450224161148
2462.2170288562775
2478.32084774971
2504.194344997406
2528.6464545726776
2552.4487130641937
2570.227259159088
2587.4122021198273
2603.219773054123
2635.7053451538086
2655.4537961483
2679.3609409332275
2705.7611424922943
2733.2043130397797
2749.89613199234
2776.6405024528503
2796.5052506923676
2816.7692379951477
2847.056437253952
2869.4107723236084
2885.552237510681
2907.3450067043304
2924.7009193897247
2942.5196282863617
2959.9540119171143
2980.3553590774536
2996.8909804821014
3014.697048664093
3034.0623602867126
3051.94713807106
3072.033843278885
3091.6487345695496
3113.8727791309357
3140.7527933120728
3161.492935180664
3178.9223341941833
3197.3529527187347
3217.194157600403
3234.304703950882
3257.317237138748
3274.4901230335236
3303.4889509677887
3325.592362165451
3351.316836118698
3372.4585139751434
3392.4760715961456
3413.076897621155
3432.127826690674
3458.966551542282
3481.3668031692505
3502.578129529953
3528.2647275924683
3551.9016733169556
3574.160929918289
3598.643789768219
3620.4478328227997
3643.378619670868
3665.0931129455566
3692.163358926773
3714.25164437294
3738.383667945862
3759.1805012226105
3784.7192673683167
3808.7545869350433
3837.215537548065
3868.6420471668243
3893.8204548358917
3912.143785238266
3933.1337316036224
3955.1366608142853
3985.20374083519
4011.132543325424
4041.017533302307
4065.7012507915497
4099.659308671951
4120.313721895218
4146.645589590073
4166.237659931183
4185.466354608536
4206.168095827103
4226.079472541809
4247.402619838715
4269.733842611313
4295.122540950775
4319.514125108719
4348.288384437561
4370.855227231979
4391.289278745651
4414.91171836853
4436.177054643631
4461.51371884346
4497.690556764603
4518.344579219818
4546.513920545578
4571.072594165802
4611.321118593216
4633.259802341461
4656.359590053558
4676.820822954178
4696.830015182495
4723.131582975388
4742.948892354965
4763.833742618561
4795.618606090546
4824.68998003006
4845.8866403102875
4874.050265550613
4900.222827672958
4925.889699935913
4962.769260406494
4992.757925033569
5021.203381538391
5044.300381183624
5071.579075574875
5097.6287961006165
5123.054538726807
5145.210297584534
5168.4318380355835
5198.509351015091
5219.190228462219
5248.554761886597
5273.007328510284
5299.359655380249
5321.248910903931
5347.145607948303
5372.14252948761
5394.2579870224
5424.331020832062
5447.70344209671
5476.59680223465
5499.011966943741
5521.506871700287
5547.328386545181
5574.030769824982
5596.087733268738
5624.453998565674
5656.067172050476
5683.563430547714
5712.604495763779
5737.22647356987
5761.508552074432
5787.494801044464
5816.244732618332
5845.848552942276
5868.875945806503
5895.498019218445
5922.724425077438
5950.454710245132
5978.212294101715
6008.193886995316
6031.542582273483
6069.479773044586
6094.209182977676
6126.912679672241
6151.005572080612
6173.994925260544
6201.692668676376
6226.304992198944
6252.907532215118
6275.044816732407
6296.098777770996
6323.373175144196
6350.9294719696045
6381.607822179794
6405.611184358597
6428.620076179504
6456.871708869934
6479.470579385757
6503.685477733612
6526.568077802658
6550.113758563995
6577.524190664291
6607.313876867294
6635.579094171524
6667.402803182602
6696.255704879761
6729.332914113998
6756.345721483231
6784.35517168045
6813.376583576202
6841.926617383957
6872.870748281479
6899.223834514618
6929.548321962357
6961.329080820084
6992.192611217499
7016.924220561981
7041.077391862869
7079.796174049377
7106.674212217331
7135.715350866318
7160.104898929596
7187.4482316970825
7218.9933433532715
7246.6246728897095
7272.860269784927
7302.878270149231
7330.4797785282135
7359.2574672698975
7388.540930747986
7419.040740251541
7452.954026222229
7485.8709127902985
7516.427773952484
7546.339107275009
7574.88538646698
7605.341361999512
7632.560083866119
7662.873794794083
7691.732517242432
7720.818151712418
7746.645217180252
7778.997200012207
7808.025526762009
7837.665547370911
7865.5249009132385
7898.031641244888
7931.164454936981
7957.895504236221
7983.177508592606
8022.532115459442
8047.40832901001
8073.526221513748
8097.476090192795
8124.068994760513
8150.948070526123
8185.137812614441
8208.421655654907
8243.953948020935
8272.828404664993
8301.323867559433
8328.167968273163
8364.045607566833
8391.552156448364
8421.209527492523
8450.893079519272
8478.625967264175
8503.972384691238
8527.459907770157
8574.103513479233
8605.815876245499
8634.739255666733
8659.89171242714
8692.364283323288
8716.253129720688
8747.308017253876
8782.459091186523
8814.433859825134
8841.210066318512
8875.954667568207
8906.862177848816
8932.558057069778
8972.51267004013
9001.044667243958
9031.93791604042
9059.97109413147
9083.482171058655
9116.44481420517
9144.529505252838
9169.894243001938
9203.77856349945
9230.145379304886
9257.34994482994
9287.214604377747
9321.067190885544
9348.287751674652
9376.338968515396
9405.840601205826
9433.305755138397
9465.552181243896
9489.614634990692
9514.041719436646
9539.948638916016
9568.206644535065
9599.797668218613
9624.401224374771
9655.708837509155
9682.067230939865
9716.649090528488
9753.892758607864
9780.04788851738
9808.212584972382
9842.022267341614
9869.46537232399
9899.078001976013
9935.278461456299
9966.962226629257
9997.442301750183
10021.45983839035
10052.841662883759
10087.211106300354
10113.703127861023
10141.73371720314
10172.479276180267
10198.485848665237
10228.372739553452
10253.606534957886
10279.091120243073
10310.147774457932
10335.480324029922
10362.376754522324
10393.38767528534
10425.197313070297
10450.91041636467
10476.428767442703
10523.861730575562
10549.151957511902
10574.172448396683
10606.820392131805
10639.675574302673
10669.995918273926
10713.661183357239
10749.991678237915
10776.36500620842
10805.866783380508
10837.933053970337
10865.108208179474
10892.925212621689
10918.154930353165
10943.342880010605
10967.964997768402
10996.276262044907
11033.449954748154
11058.664717674255
11083.998617172241
11133.525940656662
11159.088107347488
11190.883306264877
11234.308280944824
11268.808468580246
11308.063852071762
11338.090876340866
11373.732264757156
11415.251177310944
11450.851892471313
11489.909232854843
11516.190249443054
11552.772334098816
11585.575860738754
11618.947170734406
11648.594814777374
11675.565450429916
11703.538182258606
11737.412175893784
11765.433685541153
11796.42219376564
11827.215129852295
11872.952716112137
11904.418417930603
11933.261667013168
11965.66481423378
11994.14105796814
12024.546015739441
12076.159692049026
12111.669059991837
12145.554355621338
12193.075821399689
12229.631152629852
12259.771710395813
12287.160094499588
12336.563515424728
12388.599336147308
12428.29499053955
12458.997027158737
12491.357059001923
12527.160363674164
12560.820327281952
12598.854054927826
12625.643812894821
12669.839329481125
12704.658262968063
12743.517921924591
12778.383155345917
12808.8925178051
12845.142808198929
12872.181216478348
12899.186879873276
12940.041616916656
12977.682453870773
13008.213747739792
13040.568708181381
13076.613965034485
13119.306108474731
13151.438546180725
13186.191038370132
13225.748877286911
13259.17430305481
13304.095169305801
13339.163939714432
13378.072408676147
13421.398356199265
13463.521494865417
13502.568136692047
13538.5187561512
13573.025899410248
13605.312609672546
13633.295262813568
13665.940328836441
13695.164629936218
13733.097603321075
13777.761087417603
13818.688165426254
13853.308546066284
13886.119593381882
13920.3453810215
13966.560382843018
13994.46296453476
14037.982965707779
14085.740964889526
14133.301694631577
14161.669118642807
14197.712653398514
14225.682235002518
14260.184519290924
14291.166607618332
14328.735021352768
14358.703126192093
14401.315321207047
14443.32166314125
14483.947664499283
14514.814008235931
14549.97344660759
14605.51710486412
14650.400046110153
14685.544912099838
14719.866503715515
14749.567088365555
14784.282083749771
14820.043687820435
14860.587945222855
14892.584237098694
14924.298527002335
14974.196639537811
15024.351627349854
15054.19870185852
15083.950645923615
15115.061799287796
15150.129205942154
15183.192018985748
15220.85252904892
15251.188144683838
15299.964823246002
15333.473529577255
15363.03807592392
15414.079980373383
15449.196683883667
15496.215835571289
15536.307657003403
15578.908118724823
15626.073566198349
15657.035410881042
15689.27342414856
15726.147307634354
15762.766464471817
15798.689758777618
15847.822885990143
15883.089439868927
15924.283071994781
15964.885699272156
16024.281594991684
16058.958480834961
16097.682608366013
16127.789876461029
16158.006724596024
16218.343922376633
16275.41666483879
16309.279934167862
16339.127124786377
16377.168115854263
16425.97744321823
16469.28658223152
16504.734578609467
16547.34578514099
16580.23805832863
16615.009654045105
16645.27435684204
16690.580481290817
16727.128997802734
16763.61506128311
16795.937383413315
16828.40945792198
16867.81502556801
16905.459280252457
16949.53363084793
16989.55677843094
17024.443549871445
17056.904205083847
17086.94367647171
17117.201080799103
17167.529819250107
17228.45812535286
17264.815566778183
17295.43506217003
17335.475959539413
17383.238682985306
17420.697392463684
17457.53255033493
17494.265622138977
17543.22094464302
17585.244153022766
17647.51764678955
17680.66514325142
17716.838958501816
17748.118706941605
17780.944298267365
17816.945883512497
17851.735607862473
17901.455111026764
17931.80862236023
17962.26867198944
18005.658401727676
18054.679507493973
18086.25918507576
18127.670323371887
18160.092530965805
18194.1588203907
18227.783546447754
18257.546026706696
18288.453589200974
18319.40963292122
18365.25312423706
18401.67805981636
18448.76830458641
18483.940392017365
18520.322994470596
18550.517625570297
18583.61418557167
18617.230849027634
18660.340648174286
18694.511208295822
18725.4900765419
18783.693686962128
18827.790111780167
18867.921199560165
18908.321316719055
18942.211635112762
18975.27841424942
19010.637932300568
19045.01769900322
19079.631289243698
19111.057027578354
19142.257878780365
19186.220138788223
19218.0832862854
19248.848803043365
19280.224607229233
19332.387593507767
19365.05101966858
19404.31016778946
19442.05299973488
19486.614277124405
19521.006769180298
19556.313879728317
19588.685849905014
19625.700309515
19663.602867126465
19700.864229679108
19736.425210237503
19775.007867097855
19818.439549922943
19851.411615610123
19884.293570518494
19916.56374692917
19949.600814580917
19985.290922880173
20022.404804468155
20053.475474596024
20090.035111665726
20120.90880060196
20156.361473798752
20193.608085155487
20226.727953195572
20269.00071120262
20300.625422000885
20334.84115409851
20372.05467891693
20412.42386484146
20455.45731663704
20500.184019088745
20531.540766000748
20563.06799507141
20594.860196352005
20630.582031726837
20665.91657447815
20698.445828914642
20736.574922323227
20770.172925710678
20810.58677983284
20845.222638607025
20886.09089899063
20918.018126010895
20950.182723283768
20992.024843931198
21025.68210053444
21063.51125240326
21102.050961971283
21134.595338106155
21167.68944478035
21205.915715694427
21246.361834287643
21278.99325633049
21312.9188246727
21348.32084584236
21381.932346582413
21422.69380879402
21460.007691144943
21493.554394721985
21527.017134189606
21564.213456869125
21610.410019636154
21643.53960418701
21676.04235458374
21715.495656251907
21758.660476207733
21792.36507511139
21833.697775125504
21868.964032649994
21903.67985010147
21942.103123426437
21976.614899873734
22009.23796081543
22042.166503429413
22074.81228327751
22107.81184744835
22139.97453403473
22182.009194612503
22216.485683918
22249.182767391205
22283.135509967804
22320.963217258453
22357.491372585297
22393.25785779953
22428.164140224457
22461.958002090454
22498.88005590439
22532.017685174942
22567.212013483047
22601.723143339157
22635.261363506317
22673.889317035675
22707.893009662628
22748.05996799469
22785.154507398605
22822.68038868904
22855.78243947029
22888.236566781998
22922.748378276825
22962.64956331253
22995.599939107895
23028.920166015625
23070.017252922058
23103.610515356064
23143.639627218246
23187.914148807526
23220.914606571198
23255.224506616592
23288.406142234802
23322.6731197834
23357.747351169586
23398.910209417343
23437.44631266594
23473.128573417664
23512.657076597214
23550.832144975662
23589.027824640274
23631.75121641159
23670.320662498474
23704.955602884293
23740.274691343307
23775.810182094574
23815.96093940735
23857.67919421196
23890.659063577652
23925.969680547714
23962.31270480156
24003.771508693695
24037.98589348793
24076.97624349594
24120.451021909714
24156.648091077805
24190.7020945549
24237.161905050278
24275.685682296753
24313.229133844376
24352.40142917633
24387.058258771896
24425.61823797226
24465.32776904106
24502.40544986725
24540.83640241623
24576.919346809387
24612.213185071945
24649.30458688736
24684.15426301956
24735.121067762375
24773.537825107574
24810.141141176224
24847.2603828907
24882.189903736115
24923.328715085983
24964.522047519684
25002.21963739395
25036.292681217194
25079.65615415573
25129.564249277115
25167.19462275505
25202.67920947075
25244.82629299164
25278.815789461136
25319.251452207565
25354.144896030426
25396.614555597305
25448.996211767197
25490.892206192017
25529.023770332336
25563.61500477791
25607.625348329544
25642.486789941788
25678.441350460052
25715.499683380127
25750.124467372894
25792.179783582687
25831.42085146904
25869.556556224823
25909.048141479492
25959.227980852127
26000.913054704666
26036.9004778862
26074.614923238754
26110.439680814743
26148.960257530212
26185.785557746887
26222.903080940247
26259.645387411118
26297.5012717247
26335.893349409103
26370.884018182755
26408.134385585785
26448.152289390564
26487.2621216774
26524.33993959427
26560.063960552216
26595.63582110405
26641.50447535515
26678.840669870377
26717.163341999054
26752.56086587906
26791.49122953415
26828.718061447144
26868.586014032364
26902.752925395966
26944.184579372406
26989.904698371887
27025.29026722908
27062.984655618668
27103.45946407318
27141.845017433167
27178.14781332016
27213.933371543884
27257.529866218567
27298.040833711624
27338.20104908943
27376.680683612823
27413.206774950027
27454.184643745422
27489.280542373657
27528.371782064438
27572.271834373474
27608.76535177231
27643.629935503006
27677.48526453972
27715.721885681152
27749.56182718277
27783.984611034393
27829.1992456913
27863.881776094437
27904.550256729126
27952.242982149124
27986.57149887085
28026.22550058365
28061.93395471573
28097.89534020424
28132.16948056221
28166.239802122116
28214.128225564957
28256.053689718246
28300.57658314705
28334.84187436104
28369.187613725662
28404.378772974014
28448.35846567154
28485.135593891144
28523.771047115326
28565.370607614517
28608.969328403473
28645.835865736008
28687.93420433998
28722.32252407074
28759.841644525528
28797.07528400421
28836.088439702988
28873.88276743889
28910.309219121933
28947.173620224
28988.061109542847
29029.269168138504
29072.890916585922
29110.735732078552
29151.6021296978
29190.310480117798
29230.710968494415
29268.338930368423
29304.209528684616
29342.775956630707
29382.98534178734
29418.094460248947
29454.036897420883
29496.837414741516
29535.430521011353
29572.55028104782
29608.47896027565
29645.007920503616
29679.62958431244
29715.83961582184
29768.371877908707
29807.255965709686
29846.32137322426
29882.720944166183
29918.768728733063
29957.257821321487
29993.364803552628
30029.873190164566
30064.636564731598
30115.653391122818
30153.819150447845
30193.402644634247
30239.780785799026
30274.347677230835
30314.96795606613
30352.67840075493
30391.94008922577
30433.250438690186
30470.920687913895
30505.633971452713
30541.239414691925
30580.28395318985
30624.584636449814
30662.30974006653
30705.70983314514
30746.239893198013
30791.62574005127
30834.54101037979
30874.251584529877
30910.615960121155
30953.411389112473
30993.207184553146
31035.52397966385
31077.504009485245
31117.438376426697
31153.221539974213
31195.837279319763
31230.977010011673
31277.253155469894
31316.23320913315
31353.041959762573
31391.69054055214
31427.79183626175
31462.631880760193
31501.790763378143
31538.620264291763
31575.75928544998
31613.30700325966
31648.15007209778
31687.476979970932
31725.33573794365
31767.52861738205
31805.029323101044
31842.35635614395
31882.460554599762
31926.88061261177
31965.672503709793
32006.176506519318
32048.933331251144
32096.26056456566
32136.638069868088
32172.936674833298
32212.23204255104
32256.900339841843
32292.225007772446
32335.341326475143
32380.05623316765
32420.221001386642
32456.089111328125
32494.23205947876
32531.610805034637
32573.56712937355
32619.654639959335
32658.105639219284
32695.800431251526
32736.194947957993
32777.504942178726
32824.772554636
32870.09490466118
32911.33602595329
32952.51644897461
32997.9733941555
33033.80784845352
33075.86815404892
33123.265753269196
33176.60318350792
33214.20624709129
33252.824259996414
33294.21636366844
33341.8978471756
33385.37784409523
33427.75552940369
33467.52860569954
33517.31552577019
33560.54092121124
33606.78065228462
33646.39296412468
33686.88365149498
33730.196103572845
33774.33377122879
33827.09575033188
33869.22872662544
33907.15852189064
33949.43273186684
33991.9235534668
34039.75179338455
34086.28193902969
34130.01616978645
34171.506108522415
34215.65462040901
34258.483360767365
34302.8581867218
34346.758913517
34391.490053892136
34433.5841550827
34474.120611429214
34511.36833333969
34562.412724494934
34601.06528162956
34640.15394115448
34684.66243124008
34724.50991106033
34768.158893823624
34808.72037291527
34848.98057842255
34885.9970574379
34930.89259123802
34970.70345330238
35008.504758358
35055.49698472023
35097.21725130081
35145.42118144035
35190.53851509094
35227.48618412018
35265.62372303009
35304.637172698975
35342.71375632286
35384.46525025368
35421.15959596634
35458.46576666832
35496.470046043396
35532.90537118912
35569.2190861702
35605.09285354614
35643.55803632736
35684.02838897705
35722.989040613174
35800.89931845665
35869.15470743179
35905.79017829895
35941.76596069336
35979.69656872749
36018.777309417725
36058.747356414795
36098.43103599548
36136.17109918594
36175.00740671158
36215.91805243492
36255.56508541107
36295.4806265831
36336.382199048996
36374.83565211296
36411.48692941666
36449.59015130997
36487.81637048721
36525.3657181263
36562.539843797684
36598.85393977165
36636.00849819183
36674.20806312561
36735.93009018898
36814.73083281517
36851.09577226639
36888.08644556999
36925.40232872963
36962.2589802742
36999.50607132912
37037.3530459404
37075.323930978775
37112.11987161636
37148.887308597565
37190.54710459709
37227.70971703529
37301.82860326767
37341.51217365265
37386.92061305046
37437.59149956703
37494.83377075195
37554.323449611664
37612.54330801964
37663.84902024269
37701.85389494896
37738.91728758812
37777.061467409134
37812.78126525879
37849.44733500481
37886.816301584244
37961.93666911125
37998.324783325195
38039.49721670151
38075.746354579926
38114.15893626213
38152.85644555092
38190.081213474274
38226.37330579758
38266.97068119049
38304.30326914787
38341.55091333389
38381.33183383942
38418.57625746727
38455.393719911575
38491.59703874588
38526.51891040802
38562.739614486694
38598.50363659859
38635.77338910103
38673.294609069824
38711.21401619911
38751.97959733009
38787.83930969238
38825.30613231659
38864.59047102928
38902.26972031593
38939.414044857025
38980.60595154762
39018.66781210899
39056.62992024422
39094.458537817
39183.125069856644
39232.75958061218
39271.76153302193
39308.76986670494
39363.564856529236
39452.57333278656
39492.89380788803
39532.89331793785
39574.53019595146
39614.5200483799
39654.32777571678
39696.76394820213
39736.32759356499
39775.66759181023
39813.35300040245
39871.2127263546
39929.667897462845
40013.5305519104
40050.25334215164
40087.83469128609
40125.67595267296
40165.05879545212
40202.64043402672
40242.13394284248
40280.34899830818
40317.81891179085
40355.585777044296
40393.43424153328
40463.846435546875
40543.473046302795
40580.66306257248
40618.98536205292
40659.63566207886
40703.18757557869
40779.794703722
40817.66981744766
40856.122354745865
40895.45572423935
40934.432336330414
40972.34060263634
41010.93178367615
41049.682758808136
41087.63635015488
41126.65474295616
41165.07481217384
41205.46803665161
41243.972744226456
41283.144384622574
41321.69637107849
41360.50987482071
41404.5372133255
41442.63735675812
41481.309609889984
41566.31610894203
41641.97604680061
41703.4992108345
41751.61029291153
41789.59130978584
41826.83320903778
41867.8362827301
41906.47854804993
41946.322561740875
41989.29661822319
42027.357446432114
42065.722219944
42123.66262817383
42212.08104467392
42250.38706088066
42288.91053891182
42329.95163488388
42368.9853515625
42406.71536016464
42445.87172317505
42484.25064921379
42522.91845989227
42561.31845808029
42637.680421590805
42707.168701171875
42745.94659161568
42785.32509422302
42824.096910476685
42863.01582860947
42901.31433844566
42948.78446125984
43000.709876060486
43041.8705098629
43083.39984726906
43125.4232506752
43167.24462032318
43206.04015374184
43245.17843222618
43283.6593170166
43335.52302694321
43393.36978983879
43436.03446269035
43474.97406578064
43515.55540370941
43582.403339385986
43663.15991067886
43701.77022314072
43740.44940328598
43785.436804294586
43824.4289393425
43862.45197701454
43901.84562468529
43940.71399450302
43978.957993745804
44018.61604189873
44056.91512775421
44099.44753909111
44138.052339315414
44175.37662196159
44215.441292762756
44254.548478126526
44294.342717170715
44333.23304462433
44372.58111023903
44414.00891327858
44454.942821502686
44494.80151391029
44534.21224093437
44574.29400730133
44614.00594043732
44706.343573093414
44754.93976855278
44795.749997615814
44834.32743740082
44876.344994068146
44916.418634176254
44956.87053990364
45002.547724962234
45042.11432266235
45081.973650455475
45127.26180315018
45166.89153313637
45208.522869586945
45275.35085082054
45315.25316619873
45358.43178629875
45428.150027513504
45470.93588471413
45513.41341257095
45552.71247434616
45595.78356075287
45636.08808851242
45675.62270593643
45715.31199097633
45755.16911649704
45794.920244693756
45836.33366060257
45874.54643249512
45913.48388552666
45971.981190919876
46064.19240355492
46155.37714076042
46219.332614421844
46282.156197071075
46326.34431171417
46368.83461713791
46411.47538518906
46473.4981136322
46537.01710271835
46577.50265789032
46616.081656217575
46658.03756785393
46699.49451613426
46739.7484691143
46786.52929735184
46849.021763801575
46903.55137968063
46942.67233991623
46982.92093038559
47029.42235374451
47074.5894010067
47123.790444374084
47211.915070295334
47272.994943618774
47313.06327462196
47352.977021217346
47426.764429569244
47504.69209122658
47603.24315619469
47646.07994556427
47685.38686299324
47726.43315887451
47770.19311070442
47811.899045944214
47851.528348207474
47890.891426086426
47932.43181157112
47972.60360407829
48013.95126700401
48052.69350147247
48092.175943374634
48133.483563661575
48173.04863905907
48213.91580057144
48255.435457229614
48295.63322877884
48339.90516066551
48434.698873996735
48495.62684178352
48538.828345537186
48585.083055734634
48626.06918096542
48669.688014268875
48712.43426036835
48755.710344552994
48798.25679349899
48841.23911976814
48884.21083045006
48927.54566884041
49022.21944522858
49078.610270261765
49133.30771613121
49174.5994720459
49214.94630742073
49254.1936776638
49294.900894880295
49336.307940006256
49377.86064648628
49422.15355658531
49464.025817871094
49505.30113863945
49547.95653176308
49589.555458545685
49631.70428109169
49707.10592317581
49787.55411553383
49830.22231864929
49872.84285569191
49917.38069963455
49968.15671253204
50036.21932053566
50077.02462553978
50117.33824300766
50160.36215543747
50203.487808942795
50245.803891181946
50287.14369034767
50327.790828704834
50370.09564566612
50411.48513197899
50453.027981996536
50494.169090270996
50536.18017292023
50577.39812493324
50621.93627548218
50726.53644943237
50768.29768681526
50809.375582933426
50851.56018090248
50893.693581819534
50937.72279334068
50981.981731176376
51023.486246824265
51064.748264074326
51106.95945048332
51149.005076408386
51191.71417546272
51233.74002122879
51276.80492520332
51317.41217637062
51363.00516963005
51404.481297016144
51447.51878643036
51489.584322452545
51530.86694431305
51573.15369725227
51616.993782520294
51658.18346452713
51700.79435443878
51743.039702653885
51785.4871571064
51830.35142326355
51872.620747089386
51915.418721437454
51961.369832754135
52004.630418777466
52046.27558374405
52090.60059309006
52132.72176027298
52176.09236860275
52222.53632378578
52271.4137468338
52324.836817502975
52367.779258966446
52413.717556238174
52461.683188676834
52505.978326797485
52571.39677453041
52661.00051355362
52706.45757102966
52760.00420832634
52810.92324399948
52861.37708520889
52915.55357718468
52965.87020492554
53015.927685022354
53103.01581954956
53157.819903850555
53212.224609375
53269.26883506775
53320.46049165726
53371.97996735573
53448.41512155533
53515.08777832985
53565.20146012306
53615.331808805466
53668.33478093147
53717.65735292435
53786.565749406815
53862.37037277222
53913.803955078125
53965.03727054596
54039.27047562599
54108.55872797966
54161.76713371277
54210.09805727005
54317.24315929413
54428.41330766678
54492.31578540802
54541.44842481613
54589.475617170334
54638.59814763069
54685.70162940025
54737.0652346611
54781.93333411217
54830.84126710892
54880.503061532974
54930.99163579941
54983.5852060318
55037.374270915985
55084.86338043213
55168.363697052
55218.11368918419
55265.508627176285
55315.13435649872
55365.77140903473
55413.94979786873
55466.28873586655
55522.022913217545
55575.80175995827
55630.80274987221
55704.3325316906
55782.76182293892
55836.12754368782
55888.07911658287
55939.577885866165
55992.36549758911
56049.17021727562
56103.25803780556
56161.179738759995
56213.03686332703
56262.773837804794
56315.311618089676
56367.4989669323
56418.8884472847
56471.71170449257
56523.904743433
56572.74792933464
56620.72994995117
56668.374995708466
56716.29521417618
56769.98018360138
56827.55081105232
56881.154937028885
56928.27683353424
56976.47406125069
57030.227979421616
57085.277947187424
57133.62941503525
57186.140501499176
57236.890213251114
57289.088451862335
57338.27395749092
57387.70023202896
57437.57391047478
57487.57174873352
57570.46376180649
57638.545422792435
57690.92314362526
57738.961807489395
57784.979135751724
57839.038979530334
57889.751940727234
57935.49551486969
57990.61191725731
58046.16246056557
58104.073018074036
58157.22516107559
58210.3652818203
58261.5145277977
58313.24074792862
58367.32706236839
58421.36906027794
58476.99640631676
58532.975815057755
58589.80726861954
58646.43607187271
58766.22505283356
58823.61184859276
58880.115802288055
58938.13822579384
58994.06955265999
59050.90482378006
59104.83131980896
59158.922919511795
59211.45422029495
59266.30390405655
59320.21764469147
59372.948981523514
59425.579580545425
59520.09624791145
59575.27302122116
59632.41870570183
59687.88317847252
59745.47387957573
59798.758506298065
59852.71855044365
59970.428122758865
60025.862760305405
60081.120060920715
60138.74581193924
60191.261657714844
60248.12808251381
60301.0751183033
60355.95020341873
60409.061160326004
60471.748269081116
60551.32940864563
60631.799948215485
60715.47902417183
60768.72399353981
60822.98667693138
60877.83796310425
60933.86817121506
60990.37099790573
61043.60496687889
61121.835686445236
61201.79668879509
61257.57156801224
61309.896723508835
61363.6333193779
61416.85233449936
61472.551109313965
61526.18843126297
61579.61936354637
61634.35440659523
61687.857634305954
61743.717602968216
61798.20350050926
61851.93705415726
61911.23208642006
61964.98440670967
62014.79492712021
62064.221663713455
62115.69982123375
62209.24815702438
62287.20955038071
62340.015223264694
62411.11222434044
62505.41432619095
62559.617148160934
62606.84570336342
62653.41007089615
62707.3699028492
62755.78600525856
62807.847950935364
62861.11150431633
62911.49759101868
62961.039650440216
63007.76045060158
63054.35618853569
63105.522929906845
63151.57605147362
63197.35765647888
63255.60561013222
63305.600929021835
63368.95461368561
63434.68165063858
63485.35555768013
63537.55903720856
63583.98903989792
63630.72078990936
63688.03525495529
63738.14733982086
63792.61443758011
63849.61430668831
63900.709087371826
63981.72981476784
64080.54591560364
64132.49883198738
64193.79921865463
64248.775480508804
64306.000574827194
64362.339107751846
64429.95428562164
64486.5626950264
64543.87212562561
64600.2522251606
64665.61457681656
64781.04674434662
64898.470269203186
64978.35206580162
65038.03564953804
65098.25044989586
65169.629183769226
65244.78438782692
65319.19133591652
65391.96930646896
65461.803174734116
65530.913644075394
65599.81891131401
65669.055934906
65742.30680918694
65815.0810751915
65886.30290436745
65954.52577638626
66031.47156357765
66100.238666296
66172.50373911858
66243.30452489853
66316.4646589756
66390.45916056633
66467.30217266083
66539.06879138947
66615.2321407795
66684.09526991844
66755.05502724648
66820.2955300808
66891.38311219215
66961.7922027111
67031.68353438377
67108.39311504364
67179.12368392944
67255.69429969788
67332.72193622589
67408.18382048607
67481.55296278
67541.47308135033
67614.44143033028
67683.16512584686
67754.3833117485
67825.23428726196
67895.46571421623
67967.98310041428
68038.67378544807
68117.91723155975
68199.90939855576
68276.19108939171
68349.56718969345
68423.7489130497
68500.01336169243
68575.4128575325
68649.44214725494
68723.93814563751
68802.56588149071
68879.36334991455
68953.81639885902
69029.24834990501
69100.91660094261
69175.3562514782
69250.03503918648
69322.91920685768
69404.29102635384
69470.92787742615
69548.4486656189
69623.87621045113
69692.33971524239
69760.90323805809
69828.0369181633
69891.78774499893
69961.36037063599
70030.90588879585
70089.51334905624
70164.0516281128
70233.50979661942
70300.26612067223
70373.22804784775
70437.08351564407
70505.84553456306
70576.01646494865
70651.35374164581
70717.5741853714
70795.1168999672
70865.59856104851
70940.91215991974
71013.05362272263
71087.3431968689
71159.07867908478
71226.58486485481
71307.33810353279
71390.0347545147
71473.42901539803
71552.42922329903
71631.15577173233
71707.45740246773
71789.0351922512
71864.50535655022
71927.32328987122
71988.41024708748
72059.15047717094
72124.01913499832
72196.54697465897
72274.1818819046
72350.20998382568
72416.50852918625
72493.60421609879
72552.3475625515
72623.89160108566
72697.06265997887
72766.0673956871
72836.30073142052
72904.99079465866
72979.53193831444
73051.10327219963
73125.45552301407
73207.80156588554
73272.84601449966
73343.6445043087
73414.35198712349
73486.02142167091
73562.50036215782
73633.80894446373
73703.83227396011
73773.01362419128
73845.97849297523
73917.45480036736
74000.10059523582
74067.58638644218
74141.28023576736
74209.29924488068
74288.05858755112
74360.3328962326
74434.219373703
74509.64506363869
74590.6046435833
74658.77261066437
74718.13367915154
74782.66608071327
74848.31904482841
74926.93121170998
74999.54145693779
75077.79212903976
75156.70010471344
75238.78665566444
75314.53352737427
75390.56630349159
75467.8507156372
75543.33711266518
75627.71758031845
75700.39292502403
75777.15242552757
75851.35475492477
75927.66800427437
76002.18644404411
76075.44640731812
76156.2587287426
76225.93483686447
76305.55209326744
76383.70821738243
76459.06286883354
76537.08850502968
76616.55278801918
76698.90723824501
76767.64706015587
76837.73187589645
76909.80480146408
76993.0520503521
77059.81922197342
77140.71229243279
77206.18257284164
77281.04383444786
77338.71412420273
77432.81249523163
77507.94756960869
77574.21862459183
77634.03708028793
77712.44083976746
77789.80813002586
77863.52735924721
77943.92563891411
78023.0325460434
78097.0900144577
78171.44954109192
78254.73391771317
78329.37515926361
78407.2542617321
78478.87210059166
78550.5012049675
78626.99607849121
78694.569170475
78778.74506139755
78872.17011833191
78947.9534304142
79026.13981080055
79120.99271845818
79196.29330706596
79268.55534934998
79349.6357524395
79426.47650551796
79498.50275373459
79571.02689266205
79645.90797781944
79712.59111356735
79782.87346458435
79842.42175722122
79898.43249106407
79974.80114173889
80042.44675850868
80106.27684187889
80178.29071450233
80238.58048987389
80313.51024580002
80385.68572998047
80451.21808028221
80539.99769353867
80615.27657151222
80691.89099478722
80758.95809602737
80841.39751720428
80923.79428243637
80995.38711857796
81068.47212481499
81150.08060359955
81218.28484249115
81301.25897049904
81374.18589687347
81449.85506153107
81528.61892676353
81598.95065188408
81674.83901119232
81776.0037446022
81851.40416049957
81916.75758814812
81985.92352104187
82049.75467920303
82120.47270393372
82202.28385257721
82268.84627127647
82354.76706719398
82423.44826889038
82500.72095775604
82590.68081688881
82660.17321038246
82741.62069272995
82831.0198662281
82907.04586148262
82987.8654718399
83071.14830207825
83143.07451748848
83220.87517118454
83289.34411430359
83359.88428068161
83435.45329070091
83515.17043948174
83595.14101600647
83681.01372671127
83761.44475746155
83848.67241382599
83939.91730713844
84014.17819809914
84101.87959265709
84182.57597827911
84266.32522082329
84350.93634009361
84434.13134050369
84517.4849126339
84600.7342877388
84683.5180439949
84757.67397642136
84840.41245675087
84935.1002190113
85019.74643325806
85102.34674358368
85179.47108840942
85262.14564108849
85338.90255188942
85418.15530252457
85504.22194123268
85582.25463485718
85670.38594722748
85745.5295445919
85824.00208711624
85896.41658306122
85974.10416913033
86057.73591065407
86131.44394183159
86221.31730651855
86309.1991391182
86398.18003320694
86480.55352187157
86560.90473794937
86643.12086105347
86715.83146286011
86802.1993072033
86881.31521558762
86972.79136705399
87053.64905047417
87143.87660002708
87224.69433307648
87306.32180309296
87388.74940228462
87469.58832812309
87551.51953291893
87627.2245209217
87709.16977143288
87784.19710874557
87865.48413968086
87955.51674699783
88039.33783626556
88116.18057441711
88207.07806062698
88277.58925390244
88356.95985651016
88430.33741950989
88511.74492239952
88594.69192504883
88682.96859002113
88772.3137524128
88865.65865635872
88944.96568894386
89030.41412472725
89116.64332842827
89189.8534488678
89263.7897195816
89341.29581212997
89421.26924824715
89510.34707474709
89599.49166917801
89697.7003736496
89782.2094604969
89856.77847099304
89931.75055170059
90006.34179592133
90086.95715689659
90169.40927004814
90259.33900809288
90353.52130436897
90427.96015691757
90507.34175562859
90577.67279028893
90648.67797017097
90718.71549415588
90803.83576774597
90872.78350687027
90953.95409011841
91018.75433516502
91114.4455564022
91205.93127465248
91286.57660341263
91371.81908607483
91454.18927431107
91540.47187972069
91622.1088411808
91698.1427628994
91767.73387765884
91836.47065091133
91912.46450901031
91987.84723067284
92059.67709589005
92142.74462938309
92215.87194347382
92274.35434746742
92354.46155691147
92420.17689394951
92499.90004086494
92575.00751948357
92644.48528623581
92727.34035396576
92816.33011341095
92892.57494616508
92967.35562777519
93050.15431332588
93131.99671030045
93210.5279610157
93295.18914031982
93380.06675577164
93460.97971487045
93550.22300195694
93630.68509411812
93713.02660441399
93791.15764570236
93866.35237669945
93957.00766277313
94038.11571979523
94135.92837786674
94212.64861059189
94293.46242523193
94374.10626840591
94456.23805069923
94535.21456313133
94616.69099068642
94701.84032487869
94790.55328702927
94863.4493432045
94954.09233021736
95029.20433712006
95096.25479245186
95176.15526032448
95255.65926647186
95347.09463000298
95425.85531115532
95500.97202897072
95577.90731525421
95644.11318588257
95724.94753861427
95797.4575893879
95898.26401495934
95970.56964182854
96049.03404021263
96136.08883953094
96204.54035520554
96299.65757918358
96386.61466956139
96480.98581242561
96552.82303881645
96629.00127601624
96718.39771652222
96799.06070804596
96877.20965051651
96965.41015219688
97055.80712771416
97137.52673220634
97222.5595715046
97307.25062394142
97397.34591007233
97481.34591722488
97563.73055815697
97646.59146881104
97726.13729786873
97805.20525884628
97874.30964493752
97953.41204714775
98039.96357607841
98134.4070520401
98228.70240402222
98307.53090548515
98408.70190787315
98494.68279576302
98582.71714019775
98665.61114358902
98728.75502967834
98796.7103176117
98880.37238144875
98961.57131576538
99052.26294541359
99124.97015619278
99212.66613841057
99297.88021922112
99375.16606092453
99453.32317876816
99520.03154373169
99613.85325026512
99675.5310242176
99736.88250780106
99829.57776141167
99910.73354125023
99974.2329249382
100044.47352194786
100130.93427109718
100203.15814042091
100279.19032239914
100340.06489062309
100433.84496808052
100522.24611711502
100589.37932634354
100672.89993953705
100761.58384823799
100839.86078572273
100931.74649190903
101002.62951493263
101081.38682770729
101150.97627997398
101228.60726761818
101304.59393668175
101387.66506099701
101467.6652340889
101553.58750724792
101641.29505634308
101727.81526064873
101820.79816746712
101899.20699167252
101990.19453406334
102058.14238286018
102141.73610043526
102233.85099291801
102322.50619864464
102413.85044765472
102507.3277323246
102599.60027718544
102685.16002249718
102772.24812912941
102864.33623075485
102954.65429711342
103042.0823662281
103153.63010787964
103238.2843914032
103318.16400527954
103419.74829220772
103499.03273129463
103587.71199703217
103674.8208591938
103759.4106926918
103857.95670318604
103943.2944381237
104048.05001664162
104121.03723835945
104192.28704881668
104251.62394189835
104331.19256305695
104399.45882463455
104484.72962665558
104575.22397470474
104667.50135016441
104746.65515971184
104835.7820084095
104919.82461762428
105012.4997241497
105092.91306447983
105183.09742259979
105268.057959795
105359.96278786659
105461.95018053055
105556.01120090485
105657.7754406929
105751.28314495087
105838.75096869469
105931.43381810188
106029.73477339745
106123.72215104103
106208.06680202484
106306.2077858448
106394.63270401955
106487.15439915657
106574.7859942913
106674.77162694931
106764.8557767868
106853.55599975586
106935.40787816048
107024.10299921036
107104.79727840424
107199.5012550354
107287.3986902237
107376.53678965569
107459.49519062042
107536.61132597923
107620.29124164581
107727.24737906456
107817.75340819359
107903.29729104042
107994.19940662384
108092.80143356323
108181.69604063034
108273.76005744934
108371.07379460335
108449.00774335861
108543.07534456253
108637.11695051193
108733.09040141106
108830.71480631828
108920.81130671501
109013.83754372597
109107.2405834198
109200.4378669262
109291.3720190525
109381.11211323738
109470.99712562561
109564.89397072792
109656.37817072868
109748.98020625114
109841.724142313
109935.91789722443
110028.23556423187
110121.64027786255
110219.37019491196
110321.62073349953
110416.75327014923
110511.4093644619
110596.50864887238
110691.0944378376
110782.22614431381
110873.7604496479
110966.92106485367
111072.69031786919
111160.64861607552
111249.76834607124
111333.47490096092
111422.4980700016
111516.30665135384
111605.61451911926
111694.61701631546
111804.10209178925
111897.5921986103
111992.40866875648
112084.55366659164
112175.57051086426
112276.9318985939
112373.36228394508
112470.34243631363
112573.16804528236
112661.99017262459
112753.9183382988
112844.53175640106
112938.21460700035
113035.65615081787
113123.93866991997
113208.56197571754
113295.80400443077
113403.19767951965
113494.21338319778
113581.15296626091
113668.9241836071
113760.77795696259
113852.33703112602
113942.70140433311
114037.4439842701
114124.86333751678
114214.30454993248
114306.15299916267
114392.0205771923
114476.62031030655
114560.29053115845
114643.05968546867
114731.29028367996
114824.91527080536
114914.20518565178
114996.33203196526
115083.94461655617
115174.56654548645
115263.98477602005
115352.16285705566
115440.0556910038
115522.86255908012
115604.62611985207
115698.09416270256
115781.41725730896
115871.74188280106
115954.63131570816
116034.98656988144
116127.89972257614
116210.9866847992
116283.38565635681
116369.20795941353
116455.56187105179
116546.48160719872
116626.63291573524
116709.55744719505
116802.60575819016
116895.5988714695
116983.80695676804
117070.46877884865
117165.81702971458
117252.2726483345
117351.95984077454
117471.62807202339
117549.92347407341
117639.80454325676
117713.77069044113
117784.42113518715
117858.5305185318
117928.8010172844
117997.0213034153
118078.83115005493
118159.84503030777
118270.41459560394
118382.37638664246
118487.6216313839
118558.24789190292
118632.95825123787
118700.80045104027
118781.6739602089
118927.17969036102
119086.47728514671
119185.06986522675
119264.99522852898
119345.7497894764
119423.6581454277
119519.51099610329
119650.0657081604
119732.98928403854
119879.63199901581
119958.29489254951
120039.29556441307
120121.60921859741
120191.79291343689
120275.74403619766
120375.99937534332
120455.39067268372
120619.72600722313
120736.6893517971
120815.67338228226
120891.37731266022
120975.34324359894
121055.34800696373
121122.69231915474
121208.66812562943
121289.71101808548
121360.09334158897
121470.64922356606
121566.97950744629
121643.32210421562
121728.06598377228
121806.08026480675
121899.42237591743
122033.06310987473
122115.52696490288
122200.10650658607
122281.10467195511
122360.21252727509
122443.18338370323
122522.60265088081
122605.73800444603
122693.46566057205
122777.96956419945
122860.40572047234
122940.85207223892
123022.55028700829
123108.22268509865
123243.58452320099
123330.17805957794
123411.68671393394
123491.81972908974
123569.43764662743
123646.86463928223
123754.83086013794
123865.04075336456
123945.51833510399
124029.93467211723
124121.02240943909
124203.44734287262
124282.4308655262
124431.06838774681
124502.78869009018
124605.55637407303
124696.49351716042
124786.03656339645
124921.05451345444
125002.3737256527
125083.09730052948
125190.38296246529
125283.98164439201
125399.9393119812
125482.6571624279
125568.08262372017
125672.91538572311
125778.77145719528
125901.60079979897
125986.21625113487
126067.10653877258
126192.08782553673
126272.7333984375
126365.20670509338
126447.99450278282
126531.01746082306
126657.08842563629
126755.11171865463
126839.17173933983
126917.84820795059
127036.1488726139
127187.21575665474
127326.36406850815
127411.0604197979
127481.44001197815
127571.07906508446
127654.87127351761
127736.4410007
127817.40388727188
127902.76074361801
127984.98228383064
128068.65654730797
128153.21287870407
128234.4228169918
128316.31346988678
128402.27878665924
128481.25470733643
128564.83562088013
128671.47288513184
128766.2014336586
128880.92242622375
128967.3424692154
129052.67762875557
129133.81354832649
129216.11886501312
129302.94856119156
129436.4226565361
129524.27982211113
129609.85995912552
129686.3506860733
129769.39743351936
129852.42641615868
129936.57595825195
130024.02800655365
130119.95770978928
130203.89912724495
130287.90352988243
130370.43735408783
130456.89537072182
130541.91959762573
130712.43587207794
130830.22641062737
130912.90295052528
130999.91592741013
131082.94956469536
131168.59840726852
131252.5511753559
131341.25294017792
131429.5621521473
131528.1940715313
131653.3758711815
131778.2937977314
131860.87834239006
131946.2393283844
132042.00204014778
132163.79002785683
132269.22750878334
132356.47151637077
132443.734572649
132522.64573192596
132608.38368678093
132695.46950650215
132779.51891827583
132865.92914175987
132951.6627252102
133027.08917284012
133124.78280067444
133213.3534939289
133296.6735200882
133378.75410866737
133463.81382989883
133549.31713533401
133632.52282619476
133718.99635887146
133801.91602158546
133885.9097673893
134038.16365337372
134167.12212228775
134294.9528172016
134423.38918042183
134508.25698256493
134600.61216640472
134687.6506729126
134775.54367542267
134859.221732378
134943.09280753136
135028.46726870537
135117.00745034218
135203.18294668198
135318.22604370117
135469.64868450165
135548.29060339928
135633.11541819572
135706.75633454323
135825.8327817917
136003.52301168442
136162.121404171
136256.23992919922
136360.58371901512
136476.67110538483
136544.01232361794
136612.19428181648
136685.65374684334
136754.982162714
136837.62780976295
136928.68972420692
137042.0368361473
137126.22519207
137194.7948100567
137277.23433995247
137374.0846555233
137456.26143169403
137547.1425704956
137645.6214196682
137735.47615098953
137838.56019091606
137930.9341404438
138024.99381804466
138126.98081588745
138226.17283296585
138326.7586889267
138428.1295056343
138524.332955122
138620.90825915337
138685.59529948235
138790.96698069572
138870.75834035873
138970.1951904297
139051.48693704605
139139.2518362999
139219.969073534
139316.49506759644
139399.1639380455
139482.13543343544
139562.39232254028
139654.9654314518
139744.0076622963
139832.95377373695
139939.4567117691
140025.54763770103
140114.503647089
140201.4016532898
140297.2988796234
140398.82625222206
140501.78735017776
140603.77492070198
140700.3974993229
140792.98611021042
140887.2743730545
140983.72132062912
141075.04457092285
141169.65272307396
141258.73645806313
141360.62589144707
141454.9105978012
141545.10509848595
141651.7507545948
141748.95303678513
141829.64749336243
141923.23781061172
142030.1172463894
142131.6309132576
142232.5551214218
142330.25754117966
142428.95572638512
142541.72297668457
142641.34638237953
142746.33451771736
142845.94343042374
142959.15697956085
143058.95412659645
143155.40582346916
143260.9004251957
143356.15489268303
143452.8185799122
143550.36888575554
143651.06486701965
143759.85353398323
143858.10506629944
143959.7233710289
144054.03287625313
144152.41877627373
144249.86502361298
144360.4810397625
144465.03343820572
144570.9311516285
144662.30111432076
144758.5329527855
144852.69252467155
144955.77563977242
145054.05667829514
145157.79557609558
145259.05298995972
145352.871458292
145457.09171032906
145553.6071817875
145661.09684062004
145756.72738957405
145851.02195715904
145957.91646289825
146056.24939465523
146162.37339115143
146261.16502785683
146359.4664709568
146451.32962203026
146548.3935523033
146655.6361296177
146758.82513475418
146853.49356245995
146959.3646569252
147055.99085760117
147154.28406620026
147260.3972580433
147365.1550166607
147471.4104537964
147573.1620233059
147669.19287109375
147779.2959933281
147879.7141239643
147983.61097168922
148079.22482013702
148176.83398747444
148272.9607448578
148364.73300552368
148447.062926054
148545.86132335663
148618.77940797806
148718.42420816422
148823.21064519882
148911.3925204277
148998.02072405815
149110.96999144554
149205.25975728035
149285.60901641846
149370.6586778164
149475.5422925949
149568.75810527802
149671.63882899284
149772.03746414185
149876.61852955818
149970.3272037506
150084.6370999813
150177.4658281803
150274.44250321388
150373.2752108574
150476.55570483208
150586.78936123848
150703.01511001587
150791.44352817535
150897.68908572197
150998.13358926773
151105.8037493229
151204.83989739418
151307.4651055336
151402.41317296028
151499.57771253586
151591.53137111664
151692.81756663322
151789.50929188728
151885.79096746445
151984.09321570396
152086.0030825138
152192.59274172783
152296.54362249374
152397.31178236008
152495.2312657833
152610.09020924568
152721.4277021885
152818.71079730988
152916.403539896
153030.85066866875
153129.39702796936
153240.4838218689
153347.24054408073
153444.65412521362
153558.73304891586
153658.21215629578
153758.5054473877
153859.82613015175
153961.37006545067
154069.87706279755
154178.8186404705
154271.4713959694
154368.37714505196
154468.59690237045
154568.18279528618
154672.97930407524
154771.3756055832
154864.29922938347
154977.40422940254
155097.19369220734
155207.850025177
155308.25581383705
155413.58132982254
155514.72680687904
155608.246843338
155729.26878738403
155825.64863610268
155938.19595360756
156034.69489383698
156144.5194785595
156252.56686306
156345.95471787453
156443.71304416656
156558.40528035164
156661.55347967148
156772.81580471992
156897.19388747215
157014.48186159134
157110.09987688065
157214.59979248047
157320.45685243607
157433.3549439907
157542.77785921097
157642.8932762146
157772.46911120415
157879.18709015846
158000.0324962139
158116.91563606262
158233.63755083084
158339.54589891434
158456.22781920433
158569.2006354332
158674.74010300636
158786.1655871868
158894.71615862846
158999.24555134773
159102.96431708336
159200.05518841743
159306.37479615211
159413.72337794304
159518.72502827644
159615.39458036423
159742.06076455116
159838.80625391006
159949.08225679398
160058.28795719147
160161.15046548843
160263.0535109043
160365.69933104515
160471.11277341843
160571.60154151917
160667.16869091988
160763.86035370827
160882.07648038864
160999.55373477936
161101.47440457344
161199.17864060402
161310.47746396065
161414.49020838737
161532.13317418098
161637.5279045105
161729.4849641323
161829.63907575607
161932.80138587952
162043.11187434196
162143.26139760017
162247.39608073235
162354.73837137222
162470.8825047016
162566.67619132996
162666.62085032463
162800.90180683136
162903.80176377296
163008.10560178757
163116.6627485752
163225.3486418724
163324.84438204765
163431.61276316643
163538.97351408005
163646.07549762726
163745.70004606247
163863.48484015465
163966.21331357956
164077.40761208534
164179.60728383064
164278.09487819672
164402.32671833038
164505.7326247692
164609.75014138222
164729.29101729393
164822.20698285103
164932.7416563034
165038.72598552704
165136.67775082588
165237.36924362183
165345.6743068695
165447.39375185966
165558.69358325005
165659.05483031273
165763.51391720772
165882.86292934418
165984.40700650215
166095.95033884048
166189.9800567627
166296.76470160484
166394.85207915306
166514.00588560104
166618.40963625908
166732.0127389431
166836.25185656548
166940.45259451866
167047.79716682434
167158.79835247993
167262.24494433403
167372.754257679
167476.12074160576
167580.13724637032
167682.48968982697
167785.02468967438
167892.14156460762
167997.139629364
168099.29966902733
168213.37209367752
168318.27762794495
168412.24589943886
168518.49029636383
168629.91558980942
168731.6723124981
168845.43668818474
168945.21993756294
169051.98422646523
169141.89328718185
169260.3886165619
169371.12946248055
169478.33179855347
169579.07047724724
169679.87513136864
169795.66753077507
169912.7507557869
170023.48184204102
170134.30123019218
170247.95569229126
170355.88954257965
170469.94486427307
170577.4414420128
170703.23428297043
170813.12833714485
170916.0015630722
171019.4058072567
171123.06992459297
171240.09194254875
171341.63498830795
171453.51634693146
171559.87256669998
171664.81444311142
171765.02113866806
171865.35640335083
171971.47474074364
172080.94250535965
172182.0834789276
172290.66036105156
172387.7785408497
172486.01235175133
172585.28199887276
172687.74800229073
172799.59535312653
172904.4610335827
173001.7586698532
173100.9779047966
173207.40108895302
173319.14258861542
173429.54090881348
173545.19804406166
173658.5128736496
173768.82165932655
173893.0247991085
173998.18229842186
174109.5789988041
174220.3887450695
174330.89607214928
174433.19469714165
174538.85127401352
174645.75672268867
174760.4548857212
174882.41999697685
174982.28039598465
175100.0783185959
175208.59012436867
175321.42876696587
175432.07574415207
175549.20019578934
175653.28120732307
175753.3295428753
175872.703207016
175984.7401111126
176097.49280405045
176222.09014987946
176324.85651040077
176429.10381674767
176540.44761514664
176656.2866141796
176757.83320331573
176868.25297045708
176968.57943487167
177078.17527484894
177191.66435670853
177318.43119621277
177432.57632565498
177551.55289292336
177650.47836470604
177755.44651317596
177864.05113220215
177976.52777075768
178102.2737095356
178214.6748752594
178318.98352456093
178430.90054917336
178560.51275634766
178668.761749506
178777.61677265167
178886.2379705906
178992.85074973106
179101.24408841133
179202.93579769135
179314.97465467453
179421.65412402153
179532.99153494835
179638.95519471169
179743.56144094467
179843.2389037609
179966.8555290699
180077.915817976
180194.04934859276
180304.85516905785
180410.9198153019
180518.02668261528
180628.1843624115
180735.07476091385
180857.46003341675
180971.6534640789
181074.76149892807
181179.93392562866
181282.73449087143
181393.50164580345
181503.41219115257
181605.4085278511
181719.57157826424
181820.5377342701
181934.62422275543
182045.24506402016
182165.33991408348
182270.75656318665
182375.47262310982
182483.59572029114
182597.51321029663
182714.42914366722
182823.3010187149
182930.58809781075
183037.58782362938
183149.98944044113
183262.33741402626
183362.87836956978
183478.64372944832
183588.10270237923
183704.4712986946
183820.42717981339
183934.6521282196
184041.64344978333
184154.2774348259
184267.61186027527
184387.5546579361
184502.90177941322
184615.259213686
184727.24108433723
184833.35430788994
184939.66560053825
185047.32199311256
185158.54369068146
185272.36720728874
185378.01954483986
185487.71473002434
185598.3059155941
185708.46796369553
185812.49856424332
185922.97705864906
186031.91696882248
186146.49832630157
186255.13356375694
186348.80591654778
186456.28381180763
186561.46127653122
186678.07816171646
186791.44861412048
186911.19469356537
187036.53661990166
187153.56814575195
187263.8315525055
187379.07399606705
187492.37789869308
187612.36003017426
187732.531124115
187863.68794703484
187977.31253027916
188084.5460717678
188190.2795367241
188308.18721461296
188396.72158885002
188502.9756679535
188606.7237560749
188718.1245250702
188847.72324299812
188955.96787810326
189067.78120946884
189219.75507950783
189319.90011191368
189421.6938316822
189539.51991319656
189738.91720366478
189873.22539830208
189974.94032168388
190077.44384217262
190174.0852909088
190272.01537299156
190374.4875369072
190471.79918694496
190570.11386489868
190672.52203202248
190770.04300117493
190872.75992751122
190983.66718912125
191080.9068903923
191180.79683470726
191278.95671343803
191376.60190749168
191478.5762872696
191583.3667178154
191685.977155447
191786.229493618
191888.82391643524
191994.37647414207
192097.08996534348
192197.79630208015
192303.6621143818
192401.9101920128
192489.63337159157
192581.527009964
192665.90565538406
192811.1866297722
192896.51867890358
192993.67531514168
193100.60660004616
193189.26761054993
193290.1202456951
193377.12976670265
193480.03181385994
193568.20570135117
193676.03785967827
193823.25171804428
193926.78668260574
194064.02672100067
194167.68355989456
194270.27715301514
194359.26010227203
194449.37243175507
194553.85343170166
194706.16340398788
194812.38426280022
194915.09204792976
195017.7107105255
195121.22095227242
195230.87762331963
195331.92231082916
195432.21738290787
195536.45494365692
195640.01846551895
195740.07688999176
195842.86544895172
195945.7122180462
196106.0833454132
196208.93197226524
196310.415006876
196416.75394248962
196524.96087026596
196618.8886346817
196728.89324450493
196832.07494616508
196960.86921930313
197082.72182178497
197173.12796258926
197284.99702954292
197414.90147066116
197515.03809833527
197610.5926847458
197710.74991822243
197811.573220253
197898.69668912888
198002.3575668335
198098.9556760788
198211.05925917625
198295.96618199348
198401.1493420601
198507.05041146278
198600.699750185
198704.02945685387
198804.2028656006
198904.65689754486
199008.741096735
199110.4892859459
199252.03102970123
199377.81010007858
199516.3988289833
199621.03659152985
199724.13666200638
199809.00312066078
199909.29957270622
199997.91333007812
200093.68451023102
200183.4687526226
200321.8391315937
200421.21512269974
200527.1534512043
200615.5704779625
200708.1207561493
200833.68462896347
200922.78572440147
201085.10437774658
201174.95121479034
201275.15078043938
201365.30036830902
201467.06240534782
201557.81459474564
201732.14849448204
201876.1073281765
201982.51040768623
202099.5837304592
202247.1200220585
202389.70041131973
202499.54470467567
202606.21131658554
202708.09746718407
202817.67043161392
202921.78745388985
203022.29542326927
203126.89137244225
203232.9256248474
203340.17803812027
203449.04411005974
203606.32560539246
203709.39892601967
203811.8277077675
203918.77693033218
204018.3416275978
204106.6300959587
204217.51662659645
204312.65907788277
204421.58239412308
204526.34288334846
204626.8936097622
204730.25080299377
204838.31916069984
204943.61829853058
205047.06811618805
205152.57152986526
205262.20379209518
205363.01666212082
205455.58719706535
205546.7121603489
205649.8246922493
205742.34360408783
205851.93666052818
205959.70050001144
206069.4060473442
206220.2694478035
206338.66711378098
206439.44784927368
206602.18341350555
206771.3794772625
206889.2352616787
207035.41070747375
207185.07700705528
207299.18679189682
207408.12845349312
207516.94518446922
207623.11095190048
207727.27981853485
207836.49904179573
207942.9916653633
208046.22023129463
208146.80961060524
208256.82937645912
208365.36153578758
208468.65430927277
208577.85508012772
208684.7116341591
208790.50153183937
208894.36382341385
209002.81350588799
209107.30161094666
209211.61496520042
209323.31643009186
209427.8690636158
209533.73620796204
209653.29702734947
209800.79202508926
209907.31840872765
210062.7601249218
210186.8144750595
210359.3711721897
210460.43242788315
210565.50368738174
210676.26518511772
210780.5776002407
210887.46005558968
211020.68694210052
211144.79844379425
211318.89785432816
211422.3940999508
211530.12257289886
211645.37306976318
211810.4335041046
211913.70516085625
212021.81063008308
212123.05314278603
212274.22456908226
212379.25073099136
212520.08622550964
212682.39160585403
212811.8671450615
212905.50820684433
213013.7541437149
213116.81430959702
213216.3759856224
213317.65494799614
213419.36627840996
213524.9059534073
213689.9409275055
213789.2469344139
213893.96705412865
214004.45720243454
214109.83433890343
214223.20192360878
214329.13120436668
214446.093665123
214602.73254823685
214717.88969111443
214835.94619226456
214973.9467203617
215096.87443184853
215212.0659854412
215329.09537172318
215447.22631907463
215570.449996233
215688.94973659515
215801.71926093102
215926.72250294685
216064.29928135872
216175.49542880058
216295.59637975693
216421.80770230293
216545.1768629551
216668.2558479309
216780.65933799744
216901.50733351707
217028.4833176136
217153.05202698708
217277.36663770676
217398.3620364666
217519.47051167488
217654.64306354523
217789.6957976818
217904.64099550247
218002.62647938728
218115.27179718018
218221.3438820839
218344.0522453785
218464.94644761086
218581.84871530533
218702.99647212029
218824.25062322617
218946.79067277908
219067.70232319832
219193.17044377327
219316.19610023499
219436.68858027458
219543.48546910286
219655.78330683708
219787.06130719185
219908.5524148941
220034.14886832237
220154.12009096146
220282.4162185192
220407.41820931435
220524.9797797203
220642.87613391876
220757.5451207161
220886.70157527924
220997.12793135643
221126.6243274212
221246.61128044128
221365.65389180183
221489.74669742584
221616.07784891129
221738.52264738083
221860.86321139336
221984.52514648438
222107.03647518158
222229.5349946022
222347.92093873024
222469.01419758797
222593.57731461525
222708.92732286453
222836.19865107536
222955.26436901093
223074.22631335258
223194.0086414814
223316.80405378342
223444.3133175373
223569.5417368412
223688.19458699226
223815.05566191673
223939.68634700775
224061.08073878288
224199.44103956223
224330.71615695953
224443.77609229088
224567.014824152
224688.81239700317
224797.1359629631
224920.6756863594
225050.77126455307
225168.1927599907
225290.03833079338
225406.61257958412
225523.9822421074
225649.92984080315
225766.311306715
225891.9365773201
226015.2105269432
226146.70898795128
226272.99314117432
226391.10030007362
226508.42440795898
226635.41939520836
226753.20230078697
226886.02778983116
227002.11719727516
227126.5651934147
227236.06443595886
227358.8157699108
227481.2181751728
227598.31549692154
227724.67403960228
227840.61425471306
227951.38501739502
228075.3152923584
228192.55239391327
228309.23245882988
228431.35470175743
228557.70126223564
228680.0110669136
228797.3863208294
228914.6492381096
229040.5572464466
229166.84298086166
229291.27945280075
229415.88581085205
229539.84351301193
229666.68801093102
229790.8356204033
229915.09445524216
230044.45882987976
230179.33013677597
230305.43919849396
230431.40954971313
230553.82053995132
230673.86205291748
230804.29313063622
230926.6067724228
231048.0592238903
231164.70965242386
231305.1850297451
231436.06206846237
231552.1633222103
231683.00604009628
231808.91692900658
231935.12108135223
232068.15465044975
232194.56647109985
232320.03444886208
232443.87906360626
232569.1816842556
232691.66711330414
232812.2087726593
232926.9867861271
233056.76227808
233176.29917025566
233295.85745549202
233404.59912872314
233522.54343485832
233643.04521012306
233777.4915983677
233893.83664822578
234020.45996308327
234135.66258621216
234265.1697819233
234393.08612585068
234512.95423817635
234635.42803287506
234750.16155648232
234864.9097650051
235006.88399505615
235120.92868185043
235238.7970161438
235363.0312693119
235477.92950987816
235593.81240272522
235731.42854213715
235842.02883434296
235966.5896437168
236093.4376502037
236215.9951798916
236329.87610840797
236450.5167593956
236581.62288951874
236695.7130739689
236821.4783873558
236942.99591350555
237059.92842841148
237177.37688708305
237309.5727891922
237430.3791680336
237543.3904249668
237665.32394742966
237795.44851493835
237930.37029576302
238052.73863720894
238173.14089512825
238299.52961659431
238415.13809537888
238532.87558174133
238641.51815080643
238811.60836696625
238963.06238603592
239076.23876214027
239193.46035313606
239300.02067756653
239404.45901060104
239510.76337003708
239627.11800456047
239738.8875231743
239943.60699677467
240096.9277806282
240273.91756105423
240384.0971455574
240498.2615904808
240607.8922302723
240718.15565991402
240834.06920218468
240956.63015842438
241114.1431901455
241227.76722455025
241373.80906105042
241486.20860290527
241593.9757554531
241711.40836429596
241830.46520280838
241944.19974708557
242052.4296681881
242165.30631923676
242283.11247634888
242384.91906952858
242493.55629467964
242602.39213061333
242779.5319480896
242901.44216942787
243011.14962267876
243123.95682263374
243237.078674078
243347.3521566391
243439.1977469921
243548.3901720047
243650.34050798416
243842.6898984909
244005.98379802704
244119.24356603622
244277.06723427773
244391.98415279388
244508.30366945267
244665.3843483925
244759.1110048294
244854.97404122353
244968.7343120575
245046.27643561363
245143.9966480732
245247.60167717934
245326.38846063614
245437.68075966835
245521.18258810043
245693.07314801216
245817.3490834236
245930.16131043434
246036.34910845757
246144.02697610855
246255.35341858864
246361.82053756714
246475.29443621635
246606.24771785736
246767.5229768753
246880.31844449043
247001.12226557732
247173.9265151024
247282.85638213158
247395.8276102543
247500.8982000351
247597.0826997757
247696.88026881218
247788.1118824482
247887.54622101784
247972.2916920185
248073.1679136753
248186.30106949806
248298.60321116447
248422.03461241722
248549.23207902908
248660.22556328773
248771.34795951843
248880.63210201263
248991.8319964409
249127.13884663582
249244.78745293617
249389.0566866398
249525.93663430214
249664.34328484535
249782.6336452961
249894.27117681503
250008.43535161018
250117.92270064354
250230.4620230198
250348.66986632347
250467.13402056694
250582.18040895462
250693.8058874607
250809.16869020462
250926.1406788826
251070.03113293648
251184.475045681
251262.93498945236
251355.95382547379
251436.59889650345
251523.6498670578
251620.88946175575
251716.9574522972
251815.29709720612
251908.87336540222
252028.41466927528
252150.4168946743
252227.26521205902
252317.64786481857
252430.75070142746
252509.93141174316
252599.86359238625
252712.017049551
252811.3343348503
252903.4761610031
253015.911539793
253092.967949152
253204.02780604362
253296.74010300636
253392.60314249992
253517.447204113
253634.38842201233
253812.2918150425
253920.81495594978
254054.42200398445
254165.27489566803
254280.19815707207
254392.62802767754
254512.40315055847
254632.0783891678
254745.33630108833
254860.40264201164
254977.2911939621
255132.64375805855
255244.8545498848
255357.21716570854
255474.50994753838
255589.45831608772
255708.77579641342
255819.12303566933
255932.6248807907
256147.28567433357
256273.38000512123
256460.55658197403
256599.3731060028
256760.83269000053
256871.58805251122
256990.50996112823
257104.05061936378
257222.60905981064
257336.1699154377
257447.95294380188
257561.52183628082
257711.91841340065
257832.959795475
257953.00883722305
258112.08292341232
258236.7042851448
258407.44629979134
258522.93333864212
258640.07235765457
258771.59122776985
258904.84067845345
259023.6740477085
259209.99820113182
259356.99821662903
259472.6370446682
259598.451921463
259767.131295681
259884.93152952194
260005.99066233635
260121.2885529995
260236.36106729507
260350.90905594826
260461.5540215969
260611.2661230564
260721.63830709457
260839.23846316338
260962.1365878582
261076.8749718666
261193.47271442413
261336.51609015465
261449.7577137947
261607.5010342598
261733.80193161964
261875.4272069931
261991.2169866562
262103.55288290977
262216.9231054783
262326.91620898247
262443.3239622116
262563.07126283646
262682.46323633194
262815.40223169327
262934.7189619541
263049.36008810997
263165.1460182667
263281.4617550373
263393.81769919395
263504.99822211266
263622.3965804577
263743.19964694977
263855.4545638561
263971.50292658806
264093.652071476
264262.85464668274
264382.8309416771
264493.6437385082
264607.46644568443
264734.33036231995
264891.2918174267
265007.99069571495
265152.1595225334
265277.0890929699
265390.92164587975
265511.32406806946
265626.1099653244
265760.3832104206
265878.2020711899
265993.92347836494
266107.96677684784
266217.4682700634
266395.54508137703
266526.55960154533
266688.86123013496
266806.5289669037
266925.06700205803
267075.14424037933
267192.180116415
267305.789014101
267428.5843772888
267595.3426811695
267728.0347557068
267860.4195854664
267983.82280540466
268117.5604214668
268251.61226558685
268372.553396225
268492.87056708336
268609.0309083462
268794.04688096046
268912.7810177803
269036.5139069557
269153.5365643501
269265.6763353348
269383.1040227413
269557.3614974022
269679.7840232849
269852.1564114094
270070.51813435555
270203.3384261131
270319.0901143551
270439.1336271763
270562.76336693764
270679.20598721504
270791.6421511173
270910.853798151
271037.501652956
271161.9324090481
271278.4341506958
271457.9981024265
271576.7627122402
271693.9423429966
271851.7744715214
271988.258310318
272110.4633259773
272230.5487034321
272346.06254673004
272461.96681690216
272645.6208586693
272767.50436758995
272893.45576334
273036.96657419205
273211.9741513729
273395.3997352123
273546.72286748886
273672.0405757427
273794.0311150551
273911.32301068306
274033.2884464264
274148.26306939125
274320.6655714512
274433.4254541397
274550.3767347336
274671.4375450611
274786.64109897614
274904.38216662407
275022.6440913677
275138.0502822399
275261.58191108704
275374.0295743942
275555.2824232578
275677.72793364525
275799.1846730709
275922.7176697254
276045.80025601387
276168.04173851013
276292.7371840477
276393.23167824745
276509.5445666313
276632.37677407265
276749.6173892021
276850.7535750866
276970.9885582924
277081.2291107178
277204.5768792629
277322.4735007286
277446.9333229065
277570.6705620289
277695.28329205513
277821.82579135895
277969.7497551441
278156.2327082157
278393.4214248657
278511.1676464081
278634.11144804955
278752.6935727596
278878.6892738342
279002.22045588493
279119.1004898548
279244.5542449951
279368.0985457897
279490.99736380577
279618.4989233017
279735.24588131905
279864.05730319023
280069.17735671997
280188.92253398895
280311.13008999825
280457.19181346893
280583.6528189182
280742.5225467682
280946.74711346626
281077.06863093376
281196.4661028385
281320.63343811035
281445.6790108681
281587.1682944298
281708.2627968788
281854.544683218
281971.462403059
282128.73279356956
282304.1098937988
282462.0868446827
282589.10309553146
282731.39191794395
282901.6520707607
283053.10093426704
283175.3221402168
283297.08113336563
283420.432687521
283548.10814261436
283810.30557227135
283954.51533436775
284129.06863570213
284337.2287890911
284482.81778407097
284686.65166926384
284817.54567575455
284944.56699228287
285133.2565460205
285262.869376421
285385.1836438179
285512.9294233322
285635.0279226303
285798.9426038265
285946.3624601364
286076.5398335457
286237.08135819435
286356.9783821106
286557.77928614616
286667.464805603
286787.13104724884
286895.49362564087
287014.2275633812
287232.9134402275
287355.1524095535
287486.676810503
287606.69392490387
287730.31457710266
287855.73939442635
288028.9142074585
288173.1634352207
288391.2434666157
288567.6396431923
288701.3404417038
288884.6774921417
289086.61182308197
289215.69391155243
289334.2739570141
289458.01117801666
289581.82567358017
289700.000418663
289826.0601668358
290016.5012316704
290269.9218211174
290393.82136130333
290522.0358362198
290660.02010154724
290827.1653165817
290959.1176953316
291221.97287106514
291344.2258105278
291461.4829237461
291588.365139246
291712.497081995
291838.0353753567
291964.3137316704
292139.333783865
292270.8881006241
292401.01584482193
292527.61163282394
292655.63388228416
292790.93272566795
292912.7199907303
293074.4354097843
293201.058280468
293335.75345396996
293532.94069194794
293694.5137863159
293816.1121301651
294032.8720943928
294191.9502673149
294321.59150481224
294507.0294160843
294643.628374815
294774.08694529533
294906.8229756355
295034.2353322506
295157.1497414112
295285.35686564445
295408.8650999069
295529.7556884289
295668.20216321945
295934.03841376305
296109.3321182728
296235.35892152786
296360.7022924423
296539.71708369255
296733.7536151409
296854.55455064774
296984.0294201374
297110.5653140545
297236.4385685921
297358.9469964504
297527.72887158394
297653.7948548794
297787.3847825527
297916.71440815926
298045.858314991
298168.53384661674
298428.6143825054
298653.7797925472
298845.3685450554
299051.7167906761
299215.85028362274
299345.69707369804
299474.46550273895
299601.12313723564
299725.1716735363
299851.205296278
300028.66742777824
300235.93073678017
300363.1908493042
300490.82989788055
300626.77566862106
300789.3294568062
300916.25171756744
301042.35379600525
301166.77580451965
301295.67102360725
301430.71541547775
301599.17934679985
301728.4659714699
301914.0126235485
302039.0011293888
302168.36578917503
302306.4236650467
302544.46649217606
302696.088588953
302821.904553175
302957.8593535423
303209.4740488529
303444.1229059696
303577.4055366516
303844.93678450584
304057.51350545883
304234.639400959
304393.8019824028
304520.9523949623
304643.81040740013
304768.1841185093
304891.24112176895
305019.7032608986
305241.37299084663
305368.6899933815
305496.2588632107
305628.6146039963
305768.92050528526
306021.5251662731
306280.32081508636
306401.7691218853
306532.20649409294
306658.11500549316
306781.1086769104
306964.1982331276
307090.6896157265
307245.80929374695
307401.21399116516
307530.92454338074
307731.5845723152
307915.36305618286
308045.78699946404
308203.15319895744
308338.6234970093
308475.63777565956
308607.98110198975
308739.425098896
308907.6478805542
309040.7540860176
309208.71487903595
309385.0604214668
309518.93100619316
309691.478965044
309829.8357269764
309964.89792466164
310124.52662825584
310280.5144190788
310517.03823280334
310650.3321890831
310790.2652363777
310946.0385007858
311082.6025285721
311215.45808792114
311345.7522044182
311512.922716856
311643.7573366165
311773.9231352806
311910.9260418415
312074.77418518066
312254.9448723793
312405.2579009533
312576.03303289413
312734.4114422798
312858.5458712578
313037.84000205994
313166.2457587719
313317.4570889473
313494.94907927513
313653.96852350235
313837.65268087387
313983.6633911133
314166.7823946476
314324.5143272877
314468.44528341293
314599.9477233887
314777.8691327572
314918.1843292713
315103.10665488243
315228.10959744453
315367.0793721676
315540.13499355316
315685.00946831703
315848.8091433048
315995.1739997864
316162.677734375
316324.7479465008
316487.49457478523
316640.1405928135
316780.6528785229
316974.6876990795
317115.8579800129
317241.8334057331
317393.9896161556
317551.650744915
317728.398399353
317896.1691403389
318079.39019703865
318237.16648840904
318432.27551460266
318575.38671278954
318735.4121398926
318894.61673140526
319031.5647237301
319184.6091108322
319370.4421813488
319530.9995946884
319706.62098383904
319839.2141649723
320024.93815398216
320166.80013251305
320321.5595674515
320481.99744582176