4.59e+02
4.56e+02
4.81e+02
4.79e+02
4.57e+02
4.51e+02
4.54e+02
4.53e+02
4.58e+02
4.58e+02
4.61e+02
4.57e+02
4.67e+02
4.72e+02
4.37e+02
4.53e+02
4.45e+02
4.36e+02
4.22e+02
4.09e+02
4.09e+02
3.97e+02
3.55e+02
3.38e+02
1.32e+02
4.42e+01
2.65e+00
1.05e+01
7.15e+00
7.79e+00
1.33e+01
1.06e+01
9.29e+00
1.24e+01
1.49e+01
1.69e+01
1.41e+01
1.60e+01
2.16e+01
1.85e+01
4.57e+02
5.00e+02
4.73e+02
4.86e+02
4.71e+02
5.10e+02
4.74e+02
4.86e+02
5.06e+02
4.92e+02
4.85e+02
5.18e+02
5.28e+02
5.15e+02
5.25e+02
5.28e+02
5.34e+02
5.22e+02
5.21e+02
5.22e+02
4.96e+02
4.66e+02
4.70e+02
4.19e+02
1.96e+02
1.16e+02
3.08e+00
1.15e+01
1.11e+01
1.20e+01
2.21e+01
1.39e+01
1.91e+01
2.12e+01
1.93e+01
1.53e+01
2.46e+01
1.81e+01
1.78e+01
2.11e+01
