80.95460605621338
95.0628867149353
110.30343723297119
121.3162157535553
130.7964141368866
140.19374012947083
148.0794849395752
155.89107823371887
163.78460216522217
171.51554989814758
179.39548015594482
187.20362663269043
195.04976105690002
202.92979884147644
210.84512567520142
218.7642993927002
226.86702585220337
234.90052127838135
242.9265353679657
250.9764370918274
259.09512543678284
267.2241680622101
275.7180643081665
284.11827850341797
292.67366075515747
300.9618167877197
309.2067368030548
317.4180545806885
325.7684597969055
334.18345403671265
342.60930252075195
350.98926877975464
359.58835792541504
368.09978318214417
376.5671410560608
385.1031310558319
394.5576367378235
403.0982036590576
411.842609167099
420.5479259490967
429.38691091537476
438.1085720062256
446.8401072025299
455.61642503738403
465.39692759513855
474.5289442539215
483.42074036598206
492.23123383522034
501.1815118789673
510.2592487335205
520.0845499038696
529.3955926895142
538.6192824840546
548.5555624961853
558.2186725139618
567.4702889919281
577.2244482040405
586.7379326820374
596.0635092258453
605.5088999271393
616.0068228244781
626.1043891906738
635.6196324825287
645.0916588306427
654.8117706775665
665.0327508449554
674.7839324474335
684.2804112434387
693.8408312797546
703.5389800071716
713.3087704181671
723.0819396972656
733.0837950706482
742.7505717277527
755.5306007862091
767.0020909309387
777.6996130943298
788.7202954292297
799.3327884674072
811.40442943573
822.8650028705597
833.6075072288513
844.382568359375
856.4177885055542
867.8536882400513
878.6191329956055
890.8319187164307
902.8383994102478
914.6576945781708
926.8078830242157
938.6283884048462
950.6657860279083
962.3901450634003
973.7763986587524
985.0561592578888
997.181468963623
1008.8434133529663
1020.1988096237183
1031.5890917778015
1043.191454410553
1055.3615989685059
1067.1927709579468
1078.8030452728271
1090.2677128314972
1101.9604396820068
1113.7896733283997
1125.3956356048584
1136.7565248012543
1148.1550831794739
1160.9329760074615
1172.9468882083893
1184.6353883743286
1196.67405295372
1208.679144859314
1220.4454860687256
1232.8144385814667
1244.750863313675
1256.602591753006
1268.4040839672089
1280.2492616176605
1292.6395120620728
1305.3048071861267
1319.0351095199585
1331.8206913471222
1344.6805686950684
1357.6271646022797
1369.9281237125397
1382.981422662735
1395.8392610549927
1408.622171163559
1421.4138095378876
1434.1168448925018
1446.8275508880615
1459.1644747257233
1471.857911348343
1484.4716668128967
1497.166736125946
1509.8163912296295
1522.7900903224945
1535.9732756614685
1548.5679092407227
1561.1688199043274
1573.6776587963104
1586.3123533725739
1599.2116067409515
1611.9597182273865
1624.9479365348816
1638.6725809574127
1652.077005147934
1664.6440689563751
1677.405294418335
1690.3150432109833
1703.6673920154572
1716.510909318924
1729.4876239299774
1742.0088050365448
1754.6964075565338
1767.4976720809937
1780.0746576786041
1793.8859958648682
1807.2606749534607
1820.1132214069366
1833.411988735199
1846.1491386890411
1858.9374561309814
1871.8289558887482
1884.6727480888367
1897.9820520877838
1911.2266931533813
1924.074688911438
1936.9994938373566
1950.038234949112
1964.933606147766
1978.5812821388245
1992.7921419143677
2006.7284920215607
2020.629772901535
2034.173040151596
2047.572455406189
2060.9073073863983
2074.545167207718
2087.786068677902
2101.0194318294525
2114.383290052414
2128.022050142288
2141.316463470459
2156.103492975235
2169.671486854553
2183.05952501297
2196.820948123932
2210.3763489723206
2224.1246984004974
2238.8615550994873
2252.7944955825806
2266.338007211685
2280.137283563614
2293.6564033031464
2307.382495880127
2322.2851972579956
2336.7345008850098
2351.0422587394714
2365.285014152527
2379.5907411575317
2394.408177614212
2408.4072506427765
2422.394462108612
2439.897882461548
2453.9864943027496
2468.627406358719
2482.9413928985596
2497.1350095272064
2511.37668299675
2525.5732941627502
2539.8518929481506
2555.497034549713
2570.4456436634064
2585.157501220703
2599.408492565155
2613.876185655594
2628.698273420334
2643.5085282325745
2658.4379727840424
2673.8836619853973
2688.49649810791
2703.9896202087402
2718.7176542282104
2733.6051354408264
2748.9064717292786
2763.432455301285
2778.6336631774902
2794.2176463603973
2808.892557621002
2823.7524814605713
2839.436711549759
2854.4917781352997
2869.1389739513397
2883.572379589081
2897.952935695648
2913.156227827072
2928.160085916519
2943.2685775756836
2957.9283497333527
2974.3082218170166
2989.6736748218536
3004.7745015621185
3019.3457531929016
3034.656367778778
3049.0703942775726
3064.1732177734375
3079.3259885311127
3093.96413731575
3108.4277369976044
3123.283514022827
3138.7566266059875
3154.3341176509857
3168.931901216507
3184.5319797992706
3199.8434269428253
3214.950052499771
3229.9572892189026
3244.8546195030212
3259.610247850418
3275.0303671360016
3289.9868578910828
3305.249298095703
3320.393515110016
3335.7427611351013
3351.396775484085
3366.6122617721558
3381.762315273285
3396.8317320346832
3411.9999663829803
3427.572784423828
3445.7986721992493
3463.226296901703
3479.291704416275
3494.4256331920624
3509.3711581230164
3524.007157087326
3538.895273923874
3554.3380739688873
3569.6452276706696
3585.022011756897
3601.0409286022186
3616.552731513977
3632.734428882599
3648.3203024864197
3668.7878243923187
3686.480362892151
3703.1111059188843
3718.8209776878357
3734.7008757591248
3750.3126072883606
3765.50616979599
3780.8566160202026
3796.1234242916107
3812.333270072937
3827.8820736408234
3844.1107845306396
3859.956913471222
3875.9796686172485
3891.6507251262665
3907.242525577545
3922.832447528839
3938.654928445816
3954.2704091072083
3969.8489401340485
3985.5246925354004
4001.754124879837
4017.338184595108
4033.062225818634
4048.8189680576324
4065.0427384376526
4081.459674835205
4096.85533618927
4113.25355052948
4131.281113386154
4147.811386108398
4163.98379611969
4180.3728766441345
4196.885680437088
4212.955878019333
4229.173686981201
4245.387635946274
4261.290087461472
4278.8206667900085
4295.862229347229
4313.6115934848785
4331.2784514427185
4348.0712769031525
4365.0233635902405
4381.8806228637695
4398.689073085785
4415.2837653160095
4431.890657901764
4448.810866355896
4466.116399526596
4482.991716861725
4500.175765275955
4516.755676269531
4534.013228416443
4551.31089925766
4570.0101091861725
4588.494854688644
4607.3644433021545
4624.911832809448
4656.6344792842865
4680.420634508133
4700.86697936058
4719.39869761467
4738.630056381226
4757.203148126602
4775.477876663208
4793.14385509491
4810.711627244949
4829.295067071915
4847.1012189388275
4864.941358804703
4882.894928455353
4900.76206612587
4919.326993942261
4937.208913087845
4955.546314954758
4973.946534156799
4991.598751544952
5010.222235918045
5027.74462389946
5045.831269264221
5064.112293243408
5082.191100358963
5100.27100944519
5118.251451015472
5136.446976184845
5154.393160104752
5172.6111216545105
5190.434146642685
5209.050977706909
5227.012518405914
5245.066370487213
5262.874818325043
5280.615768909454
5298.780514955521
5316.858302116394
5334.534083604813
5353.2551872730255
5371.354458808899
5389.572115898132
5407.5309445858
5425.67050075531
5443.630410194397
5461.415102481842
5479.351855754852
5498.146175146103
5516.618041276932
5534.518006801605
5552.540950059891
5572.4690108299255
5593.221093177795
5612.466290235519
5630.81386256218
5650.044562339783
5668.560772657394
5686.935159444809
5705.558299303055
5724.070381164551
5742.3155789375305
5760.838956594467
5779.1285808086395
5798.563322067261
5817.201703548431
5835.425226926804
5853.869199037552
5872.573628425598
5891.226309776306
5910.561539411545
5932.112942695618
5951.525231599808
5970.959743499756
5989.491063117981
6008.1752688884735
6031.140621185303
6050.15173125267
6068.923791646957
6087.471447944641
6106.887620925903
6125.950549125671
6144.833788871765
6164.0920033454895
6182.685725450516
6202.216640949249
6221.3330545425415
6239.910952806473
6259.701684474945
6279.083119630814
6298.041241168976
6316.743000984192
6336.010415792465
6357.084366321564
6376.696459054947
6396.303005933762
6416.235285997391
6436.642254590988
6456.453750133514
6475.712275266647
6494.980197429657
6515.151646137238
6534.571983098984
6553.684226036072
6574.442884206772
6594.6576590538025
6614.084367513657
6634.141894340515
6653.31458234787
6672.287087917328
6691.546523571014
6711.030239105225
6734.570310354233
6755.432003259659
6775.996363401413
6795.798234462738
6815.275385856628
6834.59950876236
6853.949241161346
6873.677485704422
6893.711844205856
6912.953436136246
6932.480790138245
6952.388526678085
6972.039797067642
6991.130046129227
7011.16974234581
7031.126797914505
7051.642064809799
7071.4360637664795
7091.217579364777
7111.10343503952
7130.168926239014
7149.489761352539
7168.634556770325
7187.807084798813
7208.677194356918
7228.552726984024
7248.615932226181
7268.309859514236
7287.71275806427
7306.9008893966675
7326.774993896484
7345.809828281403
7366.86971616745
7386.700203180313
7406.401694059372
7425.941316843033
7446.521139621735
7469.986356019974
7492.042790174484
7512.876822948456
7534.000794887543
7554.609747648239
7574.551377773285
7595.304201841354
7615.490831851959
7635.708125114441
7655.654755830765
7676.9804251194
7698.984412908554
7719.537332057953
7738.983768463135
7759.138486623764
7778.893130540848
7799.426678419113
7819.435655117035
7839.487180233002
7860.874195098877
7881.015388727188
7901.317082166672
7921.62709736824
7941.919142007828
7961.874172925949
7982.995991945267
8003.3040182590485
8024.511479139328
8044.793530464172
8065.203653812408
8086.253742694855
8106.135226964951
8126.147660970688
8147.664258956909
8169.829912900925
8192.480065822601
8213.931574344635
8236.892401456833
8258.385447502136
8279.28486418724
8301.28643155098
8322.548567056656
8344.727449655533
8366.821104764938
8388.631828546524
8410.072630882263
8432.036890029907
8453.317461490631
8475.441804409027
8496.40435051918
8516.959438323975
8539.398508548737
8561.192628145218
8582.776464939117
8603.889034748077
8625.16675066948
8646.37002158165
8667.454818725586
8688.435863733292
8710.491468667984
8731.952959775925
8753.457553386688
8774.829050064087
8796.503412485123
8817.87150979042
8839.502260684967
8864.512989759445
8888.033059597015
8910.307549476624
8932.195300102234
8953.772246599197
8975.662928581238
8998.345436096191
9020.401218414307
9042.901162147522
9066.006242513657
9087.798422574997
9109.959183454514
9131.816316843033
9153.664315223694
9175.029440164566
9196.447915554047
9218.264480829239
9241.277116298676
9262.789152622223
9284.857765436172
9306.365067720413
9334.907766580582
9359.256627321243
9381.872194766998
9403.848969221115
9426.433449983597
9448.290020942688
9470.376991987228
9492.310562133789
9515.004266023636
9536.85247373581
9559.149309635162
9581.195952892303
9604.160121917725
9626.242383003235
9648.897758483887
9670.819587230682
9695.429849624634
9718.213006973267
9740.255072593689
9762.282862663269
9785.71006846428
9808.00457906723
9830.178723573685
9854.473666191101
9877.402448177338
9899.094090938568
9920.882242202759
9943.22751903534
9966.868260145187
9988.766689062119
10011.734733104706
10034.641357660294
10056.359118461609
10081.28326845169
10105.35274553299
10128.695294380188
10152.589455366135
10175.753147125244
10205.329590559006
10230.968619823456
10255.375927686691
10278.679320335388
10301.880831480026
10324.825207710266
10348.384435653687
10371.551106214523
10394.687665700912
10418.229465723038
10441.356600046158
10464.32524895668
10487.959773540497
10512.043420314789
10536.509940862656
10560.093728542328
10583.989219427109
10607.778421163559
10630.987955331802
10654.196220874786
10687.17997932434
10717.791826725006
10745.081463098526
10769.241865634918
10792.66389298439
10816.008114099503
10839.26623082161
10862.027667045593
10884.98826622963
10908.175975084305
10932.483710765839
10956.092760324478
10979.739980697632
11003.014925479889
11026.311871528625
11049.553461790085
11073.938871622086
11097.390286922455
11121.607305765152
11145.520155668259
11169.347774744034
11193.194864034653
11216.301042318344
11239.56596660614
11262.466899394989
11286.190109729767
11319.969680786133
11347.695628166199
11373.135328054428
11396.87701177597
11420.159736394882
11443.880059719086
11467.316708803177
11490.611175060272
11515.512549877167
11539.216804027557
11563.041942834854
11587.851837873459
11612.419583320618
11636.94378900528
11661.239138364792
11684.70502948761
11710.05417728424
11733.697242498398
11757.70323061943
11781.555925369263
11805.264371871948
11829.776485681534
11854.198314666748
11879.374171972275
11904.17757153511
11927.99251818657
11953.605159759521
11977.456974506378
12001.77522277832
12026.036856174469
12050.096810102463
12074.470973730087
12100.293207883835
12124.877921581268
12149.61527299881
12174.41265964508
12199.711415052414
12224.243266105652
12249.484273910522
12273.407768964767
12298.870980024338
12323.469613313675
12347.271663188934
12371.698118925095
12396.374330997467
12420.375414848328
12444.975447654724
12470.26567363739
12497.372083187103
12522.366750717163
12548.04406952858
12572.373074769974
12596.519522190094
12620.54139494896
12645.753068447113
12669.2009704113
12694.878270626068
12720.22623872757
12744.691591978073
12769.978465557098
12794.677934646606
12818.606877326965
12842.719674110413
12868.42160987854
12893.549461126328
12917.853995800018
12942.323063135147
12966.929539203644
12992.381939888
13017.697980880737
13042.868992805481
13067.759447336197
13095.672353744507
13121.112664699554
13145.590201854706
13170.27760386467
13195.336834192276
13220.212791204453
13247.565337181091
13273.294575452805
13299.429508924484
13324.593400239944
13349.780735492706
13374.787571907043
13399.083255052567
13423.474295377731
13448.594906568527
13474.125626325607
13500.025269508362
13524.790978431702
13549.456842660904
13574.437772035599
13599.489293575287
13624.475751161575
13649.826721668243
13674.43627166748
13699.971488237381
13725.19921541214
13750.408253192902
13774.672358751297
13799.676625967026
13824.144566774368
13849.6031332016
13883.425844430923
13912.837960243225
13939.822315216064
13965.675850629807
13990.61782836914
14015.831578969955
14041.033395528793
14066.580328464508
14091.799428224564
14118.297879457474
14143.08258986473
14168.113650083542
14193.588194131851
14217.94402551651
14243.738862037659
14268.336735725403
14292.878767251968
14318.799887895584
14343.484471559525
14368.468894958496
14393.025647878647
14417.885173082352
14443.434023857117
14468.243272542953
14494.708932876587
14521.38248205185
14546.9484872818
14571.991195201874
14597.486693382263
14623.00166273117
14648.032037973404
14673.858565330505
14699.349635362625
14725.411739587784
14750.414414405823
14775.872292041779
14801.445980072021
14827.054150819778
14852.717971801758
14877.786414384842
14903.054426193237
14929.859261989594
14955.393233299255
14980.859733343124
15006.834414720535
15032.695638656616
15059.835553407669
15086.226675987244
15112.699053764343
15142.667056798935
15170.530667304993
15196.997583389282
15222.67342710495
15248.475846529007
15274.642053127289
15300.254938364029
15325.575263023376
15353.677422523499
15379.011221408844
15404.766179561615
15431.341179847717
15457.475111484528
15483.694358587265
15509.04123711586
15536.03769993782
15563.060388088226
15588.92512845993
15614.984685897827
15647.57272529602
15674.943593502045
15700.759457826614
15727.095089673996
15753.300459623337
15780.198910713196
15806.918408870697
15833.062131404877
15859.42268371582
15885.11721086502
15911.252828359604
15936.996027469635
15962.844857692719
15990.351402282715
16016.984601974487
16042.985365152359
16068.7346804142
16094.513312101364
16120.492608070374
16146.382158517838
16172.87417459488
16200.230123519897
16226.884430408478
16253.372504472733
16279.068463563919
16305.031090259552
16331.38221859932
16359.09959936142
16385.577015399933
16413.77343583107
16440.838850975037
16468.03157901764
16494.230725049973
16520.767201900482
16547.18050146103
16574.329221010208
16600.972654104233
16628.604858875275
16655.204901456833
16681.833213806152
16708.288115024567
16736.19336771965
16762.739849090576
16789.893998861313
16816.006959676743
16843.879086732864
16870.29355072975
16896.84039568901
16924.15806055069
16950.76080083847
16977.05780315399
17005.739068984985
17032.670230150223
17060.030442476273
17087.798306941986
17115.39818572998
17141.994389772415
17168.797478437424
17195.52257323265
17224.248557329178
17252.43164253235
17281.56245470047
17308.367753505707
17335.2105884552
17362.038408517838
17389.79517006874
17418.12925195694
17445.332208395004
17472.827501773834
17501.361226081848
17529.383782863617
17557.1184694767
17584.367945194244
17612.22375178337
17639.69921517372
17667.575378894806
17695.69867706299
17724.230989217758
17751.85141968727
17778.85286974907
17808.06235051155
17835.73866701126
17863.306334257126
17890.926686286926
17918.187492847443
17948.5346660614
17977.36446595192
18006.186013936996
18034.737748861313
18061.591097593307
18089.012276649475
18116.753637075424
18143.86994242668
18172.440153598785
18201.276382923126
18228.5353577137
18256.42641401291
18284.184129953384
18312.21373105049
18340.16336083412
18368.132103681564
18398.04492330551
18425.999885559082
18453.544861793518
18481.64990401268
18510.27811217308
18537.460980176926
18565.382319927216
18593.534685134888
18622.00985956192
18649.518659353256
18677.808416604996
18706.255306005478
18734.11717557907
18763.58321928978
18792.783658742905
18821.168303966522
18850.53232240677
18878.868821144104
18907.11215019226
18934.87070608139
18962.202527284622
18989.854843854904
19019.01984333992
19046.4591691494
19074.817683696747
19103.352646827698
19132.21358680725
19159.545330286026
19188.738826990128
19218.11014342308
19246.58153605461
19275.029504537582
19311.17948460579
19342.680591106415
19371.569427251816
19399.255878686905
19427.3231215477
19455.4137468338
19483.87524843216
19511.800613880157
19541.742115974426
19569.765087366104
19598.308141708374
19625.99378848076
19660.692455530167
19690.991369009018
19719.938071250916
19748.23082089424
19778.077072143555
19805.79550766945
19833.66667532921
19862.601487398148
19890.769422769547
19919.243081331253
19947.262827396393
19975.12126350403
20004.19657945633
20032.74186515808
20060.38675713539
20089.19499874115
20117.570880889893
20146.866985082626
20174.638392925262
20202.92329645157
20232.45307826996
20260.45400071144
20288.880444049835
20317.983014822006
20347.212163448334
20375.979780197144
20403.946819782257
20433.01735305786
20463.31751704216
20493.90759086609
20524.01911187172
20552.6617500782
20582.473361492157
20611.23700237274
20640.075770139694
20669.624575853348
20699.793427705765
20734.901482343674
20763.984998464584
20793.927067518234
20822.644144058228
20851.4333486557
20879.987279176712
20908.268360853195
20938.43796658516
20967.053310632706
20996.15716958046
21025.036113262177
21054.27711200714
21083.411532640457
21112.674052476883
21141.275853157043
21173.72527861595
21204.070560455322
21233.812898159027
21262.621968984604
21291.842993974686
21321.299690485
21350.33057498932
21379.537907361984
21410.60651063919
21438.95308160782
21467.921677827835
21497.368977546692
21525.822417020798
21555.93511557579
21584.890669584274
21613.4228181839
21645.43345975876
21684.073525190353
21719.257202625275
21751.123293161392
21779.945464134216
21809.091634511948
21838.527846097946
21867.56187939644
21897.46845459938
21926.272982358932
21955.23285841942
21984.431261777878
22012.36600279808
22041.72220516205
22070.978050231934
22099.663576364517
22130.464423418045
22159.54239320755
22188.75690984726
22217.36075949669
22246.359603405
22275.37600827217
22304.81920313835
22334.48098039627
22365.36465883255
22394.79424881935
22424.304279327393
22460.122997045517
22494.75542283058
22526.50771522522
22556.059710502625
22585.258318424225
22616.180273771286
22644.90628695488
22674.361876487732
22704.191982269287
22734.15746498108
22763.619898319244
22793.40025472641
22831.700731277466
22864.854430675507
22894.931581020355
22925.598818540573
22955.957505226135
22986.578372716904
23016.905375003815
23046.516684293747
23076.609848976135
23107.408084630966
23137.146525621414
23167.959891080856
23197.9686293602
23228.68248605728
23258.61177611351
23287.824907302856
23318.152285337448
23350.395824193954
23380.168163061142
23410.264595985413
23440.005493164062
23469.992782831192
23500.54577732086
23531.290159225464
23561.14779138565
23593.126086711884
23623.282330513
23652.88632583618
23682.68925833702
23712.60461640358
23742.595965862274
23773.953103542328
23805.70402240753
23838.3032579422
23868.63440346718
23898.962886095047
23929.199530363083
23959.05384659767
23988.8535490036
24018.776600837708
24049.475364923477
24081.329249620438
24111.430755615234
24142.072595834732
24172.401365041733
24203.056664943695
24233.31368613243
24263.806139707565
24293.538154363632
24324.44576740265
24355.770772457123
24386.902045965195
24417.327029943466
24448.29765534401
24478.418513298035
24509.824162721634
24540.377472877502
24572.78389763832
24603.58202290535
24633.849778413773
24663.361676454544
24695.5482108593
24726.487995386124
24757.289707899094
24786.29512810707
24818.454177379608
24849.004271507263
24879.9164583683
24909.71467232704
24939.736756563187
24969.78407549858
25002.114228010178
25032.959493160248
25065.211420297623
25095.07500076294
25126.21178460121
25156.016085863113
25186.406767129898
25216.822825670242
25247.187492847443
25279.023212194443
25311.829762220383
25342.258739471436
25372.66015958786
25403.131697177887
25433.35879921913
25463.183474063873
25492.978023290634
25524.346373558044
25556.831671714783
25587.435394763947
25618.577095746994
25649.014981985092
25679.079691410065
25709.751473665237
25739.524176597595
25770.63199043274
25802.813409090042
25833.46129512787
25864.799198389053
25895.276676654816
25925.520374536514
25955.689538240433
25984.96789932251
26015.50699710846
26048.051145792007
26078.79172182083
26109.61359190941
26140.09070801735
26171.602635145187
26201.865760087967
26233.527174711227
26263.218948602676
26295.4230363369
26326.6788918972
26357.894257307053
26388.42080640793
26418.193137168884
26449.56222176552
26483.520780324936
26516.94892334938
26551.22520017624
26582.868039369583
26614.30626654625
26644.305036067963
26674.389380931854
26705.453417301178
26734.96936917305
26765.67025256157
26799.478496551514
26829.24756717682
26861.060615062714
26891.276046276093
26922.10756587982
26952.079100608826
26982.538078784943
27014.381388664246
27049.607598543167
27081.771774291992
27113.97443628311
27144.490781784058
27176.277364969254
27206.2744204998
27236.476864099503
27266.365575313568
27299.035702705383
27329.942443847656
27360.33313679695
27390.509689807892
27421.313571214676
27451.874617099762
27483.419048309326
27513.81719636917
27546.512210845947
27576.198859214783
27606.455067634583
27637.766661405563
27667.965582847595
27699.07055592537
27730.191942691803
27761.992228746414
27794.03410577774
27824.429411649704
27856.11232972145
27887.1753783226
27917.761653900146
27948.056515216827
27979.548350572586
28010.177278995514
28043.308582782745
28075.15596151352
28107.44395661354
28140.484785556793
28172.450915575027
28204.12517929077
28237.432094573975
28269.8928232193
28304.00276684761
28335.647712945938
28368.96479845047
28400.886428833008
28443.3445353508
28479.681535482407
28515.03939628601
28548.002249002457
28582.260498523712
28613.627714395523
28646.228168964386
28678.163783311844
28710.47111773491
28741.486618041992
28772.777817726135
28804.83268761635
28839.06781554222
28871.49907898903
28903.26694560051
28935.284874677658
28966.531641483307
28997.686927318573
29030.27695631981
29063.684720516205
29097.820722341537
29129.191244602203
29170.266516923904
29207.911566972733
29242.51008749008
29273.968372106552
29306.572162628174
29339.349817276
29373.44814300537
29407.06116104126
29439.27598643303
29471.721641778946
29503.501695394516
29535.700860261917
29569.44512987137
29601.994888305664
29636.73043346405
29669.76506447792
29701.83896422386
29734.792194604874
29767.311440467834
29801.24496769905
29836.311140298843
29870.496198892593
29908.20130252838
29942.305284261703
29974.56521511078
30007.8132956028
30042.392944335938
30074.403257131577
30107.318787574768
30140.809893369675
30184.80009651184
30219.577117443085
30252.972498178482
30284.76875925064
30318.962381839752
30352.461681604385
30384.998451948166
30417.46653008461
30451.6771774292
30485.340599298477
30517.55206847191
30550.95449590683
30583.57396006584
30615.033742666245
30648.462706804276
30690.523143053055
30728.594373226166
30764.320057868958
30798.49416232109
30831.968633651733
30866.66980075836
30903.07443189621
30936.127074718475
30969.620131969452
31005.960583925247
31038.95936346054
31072.501856803894
31106.23786187172
31140.777457475662
31174.3003115654
31208.512062311172
31242.028584241867
31278.68371796608
31312.428633213043
31346.98312187195
31380.27517390251
31414.550790548325
31448.263517141342
31482.415600538254
31515.567957162857
31551.027283668518
31584.63597536087
31618.878093719482
31651.340514183044
31684.520640850067
31718.53369474411
31753.226501226425
31788.26246905327
31824.74906516075
31859.100828886032
31892.853152751923
31926.716412067413
31960.115703582764
31996.346359968185
32031.928409337997
32066.150803089142
32101.713557481766
32135.75428366661
32172.15260696411
32207.10859799385
32241.51930785179
32283.749862909317
32322.612568855286
32360.965441942215
32397.20145726204
32431.804975032806
32466.424675941467
32499.606379032135
32535.04524588585
32568.971541643143
32603.810522317886
32640.020243406296
32676.64885687828
32711.865987062454
32746.19687819481
32780.20376634598
32815.07222223282
32848.69398665428
32882.698802948
32917.64458179474
32956.1077401638
32991.117393255234
33025.04437851906
33058.71768093109
33092.793684482574
33127.14243173599
33161.194209098816
33196.440635442734
33232.78848004341
33267.48431801796
33302.08893036842
33336.13403058052
33371.59227371216
33405.43540930748
33439.54729270935
33473.83249115944
33510.27375340462
33544.34899187088
33579.27716636658
33615.075335264206
33649.190517902374
33682.95247507095
33717.18846607208
33751.080923080444
33787.77229452133
33823.264326334
33857.35381984711
33892.609999895096
33927.00562763214
33961.276111125946
33995.61898422241
34031.15156555176
34069.3094432354
34103.481763362885
34138.011219739914
34171.966477155685
34206.349777936935
34241.248625040054
34276.707473278046
34311.45618247986
34347.721086502075
34382.36867260933
34417.151133060455
34450.968468904495
34486.55959248543
34525.587013721466
34561.55916881561
34596.83141160011
34635.09470939636
34670.82046961784
34707.18130970001
34742.37452983856
34776.00921010971
34811.15672206879
34847.17801594734
34888.010296583176
34925.79116272926
34960.745438575745
34997.33384203911
35032.60663294792
35067.625410318375
35103.02851200104
35138.424157857895
35173.42039489746
35210.73779916763
35244.31534695625
35280.47025203705
35316.15393948555
35352.108785152435
35386.98591852188
35421.721494436264
35456.492183208466
35496.07740497589
35531.07249498367
35566.97651028633
35602.52260398865
35637.809359788895
35671.96563863754
35707.474965810776
35742.444304704666
35780.61339759827
35816.48082566261
35853.1987016201
35890.440666913986
35926.685393333435
35963.24425506592
36001.92412352562
36037.75206542015
36076.667494773865
36111.41440987587
36146.64635562897
36184.28881597519
36219.3408536911
36254.09146404266
36290.80609560013
36326.74743747711
36368.166300058365
36405.6174428463
36443.9541990757
36480.77913045883
36519.49517226219
36555.02641034126
36592.95525097847
36640.159769535065
36684.093616485596
36719.58879375458
36757.96817398071
36798.33557128906
36837.48619008064
36876.34468150139
36912.15608525276
36949.493133068085
36987.056632995605
37024.26370882988
37059.62276387215
37098.91659760475
37137.71330523491
37177.70938014984
37216.02927350998
37255.19337892532
37296.89411878586
37335.54154419899
37385.634004592896
37428.057512521744
37466.25366163254
37504.66320061684
37542.494032382965
37579.7101316452
37618.43996810913
37657.11717104912
37695.63881230354
37732.91567707062
37771.55553340912
37810.49182319641
37848.339534282684
37886.2806956768
37926.8291323185
37966.01026272774
38003.66807794571
38044.12569522858
38090.38780260086
38131.69323301315
38167.36349630356
38205.256069898605
38247.69581055641
38286.80003929138
38326.05365085602
38365.13780593872
38404.27075076103
38444.75864958763
38488.747819662094
38530.179697752
38577.246646642685
38618.67863512039
38656.42959499359
38694.56493330002
38732.52611899376
38770.02735877037
38810.641954660416
38851.288798332214
38893.81313872337
38932.06150388718
38971.7570502758
39008.89429688454
39046.297144412994
39086.843796253204
39127.80636882782
39168.80694079399
39210.59031748772
39249.8108625412
39290.30698752403
39330.86808013916
39369.51196479797
39416.628834962845
39456.67203044891
39496.204504966736
39536.492747068405
39574.39251303673
39613.632964134216
39652.94519782066
39692.465683460236
39732.324457407
39770.73387885094
39808.330053806305
39848.37099313736
39889.09056901932
39928.333241939545
39968.6218688488
40009.09439229965
40050.383865594864
40091.2583732605
40131.104360580444
40174.57018375397
40225.48524141312
40270.48582315445
40311.82650065422
40350.50805211067
40392.02859592438
40431.328028440475
40471.72589921951
40514.41595888138
40555.302632808685
40595.06991648674
40636.442660331726
40677.530946969986
40717.50379872322
40757.859808683395
40797.78541350365
40841.877532958984
40881.24545145035
40921.11517453194
40962.503876686096
41003.11763262749
41043.43840646744
41081.74675345421
41124.00176668167
41168.40548324585
41209.94529080391
41250.75486731529
41290.47809743881
41332.504407167435
41376.80942463875
41417.16261315346
41460.59742975235
41504.818031549454
41543.081659555435
41584.5878534317
41624.97756910324
41667.24775719643
41707.785850048065
41747.92175364494
41789.323805093765
41833.60202360153
41873.041088819504
41915.219985723495
41954.95998740196
41995.37600374222
42038.88019680977
42079.28497290611
42119.2681055069
42163.36518359184
42204.23342871666
42246.084591150284
42288.58842587471
42330.38475179672
42371.698419094086
42413.58865761757
42454.409350156784
42496.97573375702
42544.78660130501
42588.5688958168
42630.686151742935
42671.17589735985
42710.72096276283
42752.18175840378
42794.66647529602
42836.903037786484
42879.127135038376
42920.89458847046
42960.207177877426
43002.26682806015
43056.0904943943
43101.073533535004
43141.750714063644
43185.69724035263
43225.647114515305
43266.24835252762
43306.96571826935
43348.09364414215
43388.58440899849
43429.887848854065
43473.39566397667
43520.2926530838
43564.90036773682
43606.01272535324
43643.99674010277
43684.41956090927
43723.335698366165
43760.98469185829
43798.94794535637
43841.13420033455
43880.022137880325
43920.00188231468
43960.163992881775
43999.35122680664
44039.174640893936
44076.285673856735
44115.17788338661
44155.591695308685
44194.22806715965
44233.300018787384
44271.40925884247
44315.46253013611
44353.0637383461
44393.14707875252
44432.21072816849
44474.84746026993
44512.83000469208
44553.79314875603
44593.41738963127
44631.168464422226
44672.24358034134
44710.826989889145
44752.21883559227
44810.7276198864
44857.40030479431
44900.223059654236
44940.421246767044
44982.04900479317
45023.00911569595
45065.09880256653
45106.90781927109
45151.06009888649
45193.669263124466
45234.33213067055
45275.741310834885
45321.15407180786
45361.49268126488
45403.277139663696
45445.518876791
45488.265798568726
45529.334522247314
45572.406930208206
45616.141573667526
45659.11306619644
45703.18282365799
45744.709829330444
45787.68527674675
45830.659849882126
45882.058265924454
45928.32430386543
45969.82754421234
46011.04186606407
46052.24636554718
46093.434742450714
46134.20824217796
46177.92638874054
46219.71913313866
46262.80572724342
46304.64582133293
46346.70323252678
46388.81293678284
46431.775168180466
46475.191088199615
46520.295984983444
46569.44373703003
46613.11065530777
46655.026497364044
46696.967358350754
46739.54909348488
46781.24024963379
46823.04279088974
46869.452934503555
46911.64662981033
46952.16109704971
46994.404842853546
47048.95873713493
47095.35364985466
47137.9401743412
47178.66780614853
47221.99568128586
47265.256628513336
47308.82443332672
47351.19775700569
47393.075771808624
47437.424785614014
47479.98798561096
47523.896275520325
47569.12144064903
47612.340079545975
47654.552107810974
47697.30739450455
47737.66665148735
47779.92009830475
47822.400477170944
47866.84683513641
47914.37370753288
47956.49071383476
47999.978531599045
48042.64756631851
48084.817860126495
48134.848062992096
48180.5645236969
48224.7005712986
48269.613881111145
48312.99731326103
48357.068947553635
48398.93095254898
48441.383503198624
48484.48141121864
48527.343985557556
48571.771250247955
48617.4144384861
48660.90203166008
48705.0838496685
48749.718230724335
48792.86922764778
48837.04399943352
48879.80766129494
48924.06130552292
48968.16362166405
49008.738112688065
49049.27285051346
49091.83101606369
49134.078780412674
49178.53532195091
49221.93951320648
49261.22578573227
49305.42407202721
49348.01127362251
49388.60738134384
49429.38911437988
49472.30128455162
49515.90861964226
49557.13899087906
49598.555186510086
49642.533095121384
49684.45231604576
49726.148830890656
49769.324004888535
49812.77397990227
49855.41311454773
49898.37137770653
49939.752499103546
49985.77392578125
50028.145813941956
50075.86988091469
50120.62528657913
50163.072560310364
50206.17932534218
50248.0143764019
50290.572840213776
50334.85837316513
50378.468529224396
50422.755984544754
50466.9250433445
50510.76037311554
50553.52041220665
50602.490181684494
50646.46832752228
50691.225971221924
50734.42657804489
50778.54906630516
50821.587193489075
50866.74840378761
50909.47710752487
50953.84210276604
50999.665440797806
51046.320088386536
51090.245196819305
51132.55661678314
51177.48651051521
51219.3527238369
51261.32909989357
51304.2819082737
51346.37915492058
51388.690113306046
51432.99624872208
51474.536309957504
51520.27126073837
51564.101503133774
51607.93794441223
51652.14971661568
51696.677869319916
51744.756563186646
51788.68384861946
51832.85685944557
51877.25126385689
51921.21094536781
51966.30663347244