1641455332.069705
1641455346.1791294
1641455361.4197214
1641455372.4324856
1641455381.9126287
1641455391.309994
1641455399.195733
1641455407.0072997
1641455414.900901
1641455422.631699
1641455430.5116513
1641455438.3197234
1641455446.1659791
1641455454.045907
1641455461.9613557
1641455469.880549
1641455477.983364
1641455486.0168142
1641455494.0427794
1641455502.0927138
1641455510.2113779
1641455518.340421
1641455526.8342533
1641455535.2344887
1641455543.7900112
1641455552.0780559
1641455560.322992
1641455568.5342965
1641455576.8846054
1641455585.2997375
1641455593.7255788
1641455602.1055498
1641455610.704703
1641455619.2160614
1641455627.6833606
1641455636.2193007
1641455645.6739104
1641455654.2143698
1641455662.958884
1641455671.6641853
1641455680.503257
1641455689.2247906
1641455697.956399
1641455706.7326937
1641455716.5132015
1641455725.6451046
1641455734.5368865
1641455743.3474388
1641455752.297876
1641455761.3754344
1641455771.2007897
1641455780.5117555
1641455789.7355344
1641455799.6717584
1641455809.334891
1641455818.5864944
1641455828.3407898
1641455837.854085
1641455847.1797867
1641455856.6251304
1641455867.1227105
1641455877.2204146
1641455886.7358096
1641455896.2078922
1641455905.9281042
1641455916.148929
1641455925.900104
1641455935.3966587
1641455944.957079
1641455954.655252
1641455964.4250188
1641455974.19806
1641455984.2001107
1641455993.8668098
1641456006.6460273
1641456018.1172621
1641456028.8149612
1641456039.8350563
1641456050.448878
1641456062.5204654
1641456073.9811237
1641456084.7234516
1641456095.4984674
1641456107.5338228
1641456118.9695866
1641456129.7351906
1641456141.9464297
1641456153.953163
1641456165.7723997
1641456177.9239266
1641456189.743211
1641456201.7805839
1641456213.5048785
1641456224.8912642
1641456236.1710956
1641456248.2975056
1641456259.959535
1641456271.314846
1641456282.7052128
1641456294.3074832
1641456306.4776914
1641456318.308918
1641456329.9190953
1641456341.3837245
1641456353.0765088
1641456364.9057899
1641456376.511629
1641456387.872598
1641456399.2711227
1641456412.0486765
1641456424.0618074
1641456435.750315
1641456447.7901466
1641456459.7951035
1641456471.5611212
1641456483.9298458
1641456495.86639
1641456507.718247
1641456519.5191152
1641456531.3646345
1641456543.7549376
1641456556.419592
1641456570.1504908
1641456582.9355261
1641456595.7952654
1641456608.7418854
1641456621.0428836
1641456634.0974326
1641456646.9552584
1641456659.729486
1641456672.5286424
1641456685.2314885
1641456697.943529
1641456710.2804449
1641456722.9713721
1641456735.5871491
1641456748.2828717
1641456760.9310708
1641456773.9050164
1641456787.0886683
1641456799.6830564
1641456812.2836676
1641456824.7908583
1641456837.428062
1641456850.3269367
1641456863.074287
1641456876.063802
1641456889.7879498
1641456903.1930656
1641456915.7602046
1641456928.5213294
1641456941.4310775
1641456954.7823007
1641456967.6269033
1641456980.603113
1641456993.1248894
1641457005.8124762
1641457018.613611
1641457031.1905363
1641457045.001527
1641457058.3768787
1641457071.2291276
1641457084.5279055
1641457097.2651732
1641457110.0535328
1641457122.9450347
1641457135.7887664
1641457149.0969124
1641457162.3417935
1641457175.189635
1641457188.1143947
1641457201.1542659
1641457216.048273
1641457229.6974363
1641457243.908233
1641457257.8446789
1641457271.7460268
1641457285.2892656
1641457298.688667
1641457312.023465
1641457325.661339
1641457338.9022202
1641457352.1355271
1641457365.499368
1641457379.1382642
1641457392.4326563
1641457407.218778
1641457420.7875967
1641457434.175526
1641457447.9370458
1641457461.4922857
1641457475.2408013
1641457489.9777122
1641457503.9103506
1641457517.4540896
1641457531.2534158
1641457544.7724035
1641457558.4975753
1641457573.4013796
1641457587.8507802
1641457602.1585917
1641457616.4008749
1641457630.7069542
1641457645.5237236
1641457659.523349
1641457673.5105155
1641457691.0138166
1641457705.1026936
1641457719.7435684
1641457734.0576046
1641457748.2512195
1641457762.492839
1641457776.6895006
1641457790.96811
1641457806.6132317
1641457821.5618415
1641457836.2737565
1641457850.524632
1641457864.992373
1641457879.8145285
1641457894.6248085
1641457909.554108
1641457924.9998271
1641457939.6125844
1641457955.105882
1641457969.8337948
1641457984.7212055
1641458000.021596
1641458014.5486631
1641458029.7499013
1641458045.333816
1641458060.0087755
1641458074.867934
1641458090.5522435
1641458105.6079876
1641458120.2552314
1641458134.6885853
1641458149.069163
1641458164.272428
1641458179.2753894
1641458194.3847966
1641458209.044478
1641458225.4232886
1641458240.7898183
1641458255.8907087
1641458270.4619737
1641458285.7725585
1641458300.1865845
1641458315.2895486
1641458330.4422162
1641458345.0802805
1641458359.543989
1641458374.3998003
1641458389.872893
1641458405.450305
1641458420.0480328
1641458435.6482363
1641458450.9593697
1641458466.0661752
1641458481.073509
1641458495.9709034
1641458510.7264874
1641458526.1457815
1641458541.103069
1641458556.3654075
1641458571.5097406
1641458586.858936
1641458602.5122347
1641458617.7283974
1641458632.8785493
1641458647.9475737
1641458663.1162343
1641458678.6890638
1641458696.9135842
1641458714.342574
1641458730.4079943
1641458745.541889
1641458760.4874098
1641458775.1232383
1641458790.011468
1641458805.4543808
1641458820.7614768
1641458836.1382062
1641458852.1570942
1641458867.6688702
1641458883.850599
1641458899.4365435
1641458919.9029803
1641458937.5966516
1641458954.2272243
1641458969.9372036
1641458985.8171132
1641459001.4287486
1641459016.6223443
1641459031.972796
1641459047.239511
1641459063.449463
1641459078.9983034
1641459095.2269955
1641459111.073117
1641459127.0958428
1641459142.7669647
1641459158.3587604
1641459173.948644
1641459189.7712095
1641459205.3866282
1641459220.965099
1641459236.6407754
1641459252.870011
1641459268.4544508
1641459284.1784582
1641459299.9351263
1641459316.158937
1641459332.5747085
1641459347.9714956
1641459364.3644025
1641459382.395415
1641459398.9275599
1641459415.099565
1641459431.489083
1641459448.0019197
1641459464.0720644
1641459480.2897272
1641459496.5032506
1641459512.406195
1641459529.9368484
1641459546.977568
1641459564.7277477
1641459582.3945327
1641459599.1872904
1641459616.139553
1641459632.9966605
1641459649.8037376
1641459666.3997784
1641459683.0068014
1641459699.9270365
1641459717.2325997
1641459734.1077745
1641459751.2913666
1641459767.8718772
1641459785.1294827
1641459802.4268303
1641459821.1249545
1641459839.6109343
1641459858.4807165
1641459876.0279078
1641459907.7481408
1641459931.5368304
1641459951.9831493
1641459970.5148587
1641459989.7462525
1641460008.319274
1641460026.5940948
1641460044.2600665
1641460061.8278072
1641460080.4112048
1641460098.217341
1641460116.0574725
1641460134.011052
1641460151.8780599
1641460170.4432333
1641460188.3250053
1641460206.6625237
1641460225.0626874
1641460242.714886
1641460261.3384013
1641460278.860692
1641460296.947436
1641460315.2285554
1641460333.3072698
1641460351.3869479
1641460369.3676448
1641460387.5632524
1641460405.5093894
1641460423.7271996
1641460441.5499108
1641460460.1672935
1641460478.1286986
1641460496.182507
1641460513.9910464
1641460531.7317355
1641460549.896757
1641460567.9744124
1641460585.64953
1641460604.3714163
1641460622.4706407
1641460640.6882393
1641460658.6471586
1641460676.786624
1641460694.746634
1641460712.5312798
1641460730.4681041
1641460749.2624419
1641460767.734209
1641460785.6340637
1641460803.6568503
1641460823.5846303
1641460844.33723
1641460863.5823455
1641460881.9276774
1641460901.160733
1641460919.6769228
1641460938.0513785
1641460956.6742835
1641460975.1865447
1641460993.431677
1641461011.9547477
1641461030.244301
1641461049.6783924
1641461068.3178883
1641461086.5413597
1641461104.9854045
1641461123.6898346
1641461142.3424344
1641461161.6758318
1641461183.2288606
1641461202.6412349
1641461222.0745153
1641461240.6072567
1641461259.2913747
1641461282.2550378
1641461301.2679703
1641461320.0396688
1641461338.5875468
1641461358.0038178
1641461377.0667055
1641461395.9498851
1641461415.2080536
1641461433.8019109
1641461453.3328815
1641461472.449045
1641461491.0271733
1641461510.8177972
1641461530.1992428
1641461549.157283
1641461567.8591585
1641461587.1257002
1641461608.05911
1641461627.8109663
1641461647.4191458
1641461667.3515081
1641461687.7576468
1641461707.5698144
1641461726.8283837
1641461746.0962737
1641461766.267876
1641461785.688165
1641461804.800274
1641461825.5590916
1641461845.7726204
1641461865.2005863
1641461885.25798
1641461904.430675
1641461923.403251
1641461942.6626189
1641461962.1461296
1641461985.6851037
1641462006.548128
1641462027.112452
1641462046.914353
1641462066.3915694
1641462085.715648
1641462105.0653121
1641462124.7928648
1641462144.8279996
1641462164.06962
1641462183.5968535
1641462203.5046966
1641462223.1559668
1641462242.245514
1641462262.2821357
1641462282.2429652
1641462302.7581682
1641462322.5522604
1641462342.3338122
1641462362.2181432
1641462381.2848203
1641462400.605927
1641462419.7506502
1641462438.9231699
1641462459.793441
1641462479.6688051
1641462499.7320197
1641462519.4260657
1641462538.8288617
1641462558.0168588
1641462577.8900511
1641462596.9258366
1641462617.9857833
1641462637.8164065
1641462657.5176656
1641462677.0574365
1641462697.5846808
1641462721.1019661
1641462743.1576476
1641462763.9928584
1641462785.1170733
1641462805.7256255
1641462825.6675231
1641462846.4203904
1641462866.6067276
1641462886.8242009
1641462906.7709374
1641462928.0945582
1641462950.1005375
1641462970.6532779
1641462990.0997033
1641463010.2545419
1641463030.009269
1641463050.5427458
1641463070.5516798
1641463090.6032279
1641463111.9904666
1641463132.1313844
1641463152.433207
1641463172.7420483
1641463193.0352585
1641463212.9902232
1641463234.112046
1641463254.4200943
1641463275.6276138
1641463295.9096856
1641463316.319798
1641463337.369787
1641463357.2511897
1641463377.2635822
1641463398.780342
1641463420.9448829
1641463443.5939732
1641463465.047574
1641463488.0071712
1641463509.5015707
1641463530.4009972
1641463552.4023862
1641463573.6646137
1641463595.8434813
1641463617.9372883
1641463639.747651
1641463661.1886563
1641463683.149233
1641463704.4335945
1641463726.5580044
1641463747.520508
1641463768.0753121
1641463790.5135531
1641463812.3087606
1641463833.892546
1641463855.005082
1641463876.2828257
1641463897.4860394
1641463918.5708919
1641463939.5519786
1641463961.6064398
1641463983.0293372
1641464004.5733414
1641464025.8971958
1641464047.6195047
1641464068.987533
1641464090.6183343
1641464115.6277196
1641464139.1490679
1641464161.4236662
1641464183.3114185
1641464204.8884282
1641464226.779027
1641464249.4615269
1641464271.517383
1641464294.0163124
1641464317.1212723
1641464338.914486
1641464361.0738695
1641464382.929886
1641464404.7761955
1641464426.1454885
1641464447.5628097
1641464469.380558
1641464492.3932366
1641464513.9040375
1641464535.9730353
1641464557.4811387
1641464586.0006883
1641464610.3728025
1641464632.9882867
1641464654.965029
1641464677.5496752
1641464699.4061303
1641464721.4930525
1641464743.426685
1641464766.120379
1641464787.9685485
1641464810.2655246
1641464832.3120465
1641464855.2763774
1641464877.3584473
1641464900.0138814
1641464921.935706
1641464946.4619577
1641464969.3289452
1641464991.370678
1641465013.3988867
1641465036.8263116
1641465059.120452
1641465081.2942843
1641465105.5895615
1641465128.5183954
1641465150.2101593
1641465171.998412
1641465194.3436723
1641465217.9843063
1641465239.882705
1641465262.850626
1641465285.7573032
1641465307.4750743
1641465332.3981774
1641465356.4684434
1641465379.811336
1641465403.7056794
1641465426.869112
1641465456.4442856
1641465482.0833247
1641465506.492071
1641465529.7954931
1641465552.9968858
1641465575.941261
1641465599.5006878
1641465622.6671991
1641465645.8037462
1641465669.3453722
1641465692.4725897
1641465715.4399738
1641465739.0759113
1641465763.159538
1641465787.6261058
1641465811.2098198
1641465835.1049688
1641465858.8944042
1641465882.1038654
1641465905.3122709
1641465938.293875
1641465968.9078507
1641465996.1975594
1641466020.3579915
1641466043.779946
1641466067.1241765
1641466090.382295
1641466113.143758
1641466136.1043797
1641466159.2921293
1641466183.5999324
1641466207.208849
1641466230.8561082
1641466254.130935
1641466277.4279892
1641466300.6694083
1641466325.0548437
1641466348.4961317
1641466372.7233026
1641466396.6361928
1641466420.4639695
1641466444.3109298
1641466467.4170556
1641466490.6820765
1641466513.5827355
1641466537.3054144
1641466571.0855567
1641466598.8116572
1641466624.2514033
1641466647.9929526
1641466671.2756155
1641466694.9961388
1641466718.4327981
1641466741.7273893
1641466766.6288204
1641466790.3328807
1641466814.15803
1641466838.9679122
1641466863.535667
1641466888.0599318
1641466912.35521
1641466935.8211625
1641466961.1703658
1641466984.8134155
1641467008.8181527
1641467032.6720152
1641467056.379429
1641467080.8926291
1641467105.3144598
1641467130.4890199
1641467155.2936995
1641467179.1084483
1641467203.6981537
1641467228.5729115
1641467252.8902726
1641467277.1528537
1641467301.2128253
1641467325.5871103
1641467351.4082205
1641467375.992744
1641467400.7307315
1641467425.5286603
1641467450.148128
1641467475.3584576
1641467500.5991328
1641467524.523857
1641467549.98701
1641467574.5848696
1641467598.3864663
1641467622.8141406
1641467647.4891522
1641467671.4848926
1641467696.091345
1641467721.3817255
1641467748.4867523
1641467773.482893
1641467799.158994
1641467823.4882042
1641467847.6355615
1641467871.6563392
1641467896.869075
1641467920.3155904
1641467945.9945276
1641467971.342381
1641467995.8074226
1641468021.091295
1641468045.7940624
1641468069.7214828
1641468093.8344507
1641468119.536417
1641468144.6655717
1641468168.970089
1641468193.4391334
1641468218.0445843
1641468243.4978151
1641468268.8128123
1641468293.9838393
1641468318.8756053
1641468346.7885914
1641468372.2287617
1641468396.7048337
1641468421.392374
1641468446.4514868
1641468471.3287635
1641468498.6812294
1641468523.987728
1641468550.5456204
1641468575.709043
1641468600.8966491
1641468625.9033556
1641468650.1992023
1641468674.590208
1641468699.7096577
1641468725.2417543
1641468751.1414812
1641468775.9070525
1641468800.5729415
1641468825.5536897
1641468850.6054168
1641468875.5918925
1641468900.9427502
1641468925.5503929
1641468951.0876567
1641468976.3141525
1641469001.5227823
1641469025.788541
1641469050.7914016
1641469075.2605946
1641469100.7184951
1641469134.54099
1641469163.954058
1641469190.938361
1641469216.7919836
1641469241.7339041
1641469266.7055814
1641469292.1493008
1641469317.6964924
1641469342.9155374
1641469369.4140916
1641469394.1985984
1641469419.2297206
1641469444.7042665
1641469469.0600595
1641469494.8548641
1641469519.45277
1641469543.9947948
1641469569.9148154
1641469594.5991867
1641469619.5837786
1641469644.1402113
1641469669.0000107
1641469694.549955
1641469719.3591292
1641469745.823748
1641469772.4987004
1641469798.0646646
1641469823.1073847
1641469848.6018922
1641469874.116711
1641469899.148106
1641469924.9744833
1641469950.4645927
1641469976.5278268
1641470001.5291748
1641470026.9870036
1641470052.5621781
1641470078.169311
1641470103.8341134
1641470128.9010756
1641470154.1695774
1641470180.9740727
1641470206.5090573
1641470231.9757462
1641470257.9493725
1641470283.8116834
1641470310.950707
1641470337.3428051
1641470363.8139114
1641470393.782721
1641470421.6467357
1641470448.113714
1641470473.7895598
1641470499.5920196
1641470525.758166
1641470551.3710513
1641470576.6913407
1641470604.7897983
1641470630.1260242
1641470655.8811157
1641470682.4570785
1641470708.5901332
1641470734.8105197
1641470760.1570606
1641470787.0537286
1641470814.1753829
1641470840.0396378
1641470866.0005324
1641470898.688543
1641470926.0597389
1641470951.875569
1641470978.211135
1641471004.416551
1641471031.3151495
1641471058.0344527
1641471084.1772292
1641471110.5388346
1641471136.2332811
1641471162.36771
1641471188.1121051
1641471213.9597015
1641471241.4661062
1641471267.7338514
1641471294.1005347
1641471319.8508072
1641471345.6282248
1641471371.6086075
1641471397.4969926
1641471423.9900665
1641471451.346182
1641471477.9992802
1641471504.488714
1641471530.1845572
1641471556.1471994
1641471582.4982576
1641471610.2147067
1641471636.691786
1641471664.889459
1641471691.9539733
1641471719.1440017
1641471745.3468287
1641471771.8820114
1641471798.296566
1641471825.443994
1641471852.0886252
1641471879.7192464
1641471906.3146875
1641471932.9478095
1641471959.4027405
1641471987.3079367
1641472013.8559828
1641472041.0099025
1641472067.1230636
1641472094.9952357
1641472121.4083252
1641472147.9562492
1641472175.2731419
1641472201.875358
1641472228.172819
1641472256.855103
1641472283.786267
1641472311.1450362
1641472338.9130962
1641472366.514282
1641472393.109742
1641472419.9123888
1641472446.6371136
1641472475.3631399
1641472503.5475593
1641472532.6785662
1641472559.4827929
1641472586.326634
1641472613.153203
1641472640.9101398
1641472669.2451808
1641472696.4469278
1641472723.9435172
1641472752.477205
1641472780.4004061
1641472808.2333481
1641472835.4840024
1641472863.338692
1641472890.8153844
1641472918.6912692
1641472946.814577
1641472975.3471315
1641473002.9674995
1641473029.968813
1641473059.1781206
1641473086.8547044
1641473114.4215717
1641473142.0427654
1641473169.303502
1641473199.6497645
1641473228.4802341
1641473257.3018575
1641473285.8528748
1641473312.7069745
1641473340.017945
1641473367.869665
1641473394.986106
1641473423.556157
1641473452.3923495
1641473479.651539
1641473507.542482
1641473535.300273
1641473563.3296463
1641473591.2794545
1641473619.247663
1641473649.1605177
1641473677.11482
1641473704.6609824
1641473732.7660284
1641473761.3927348
1641473788.5770843
1641473816.4983315
1641473844.6507394
1641473873.125295
1641473900.6347737
1641473928.9237008
1641473957.3713403
1641473985.233363
1641474014.6978486
1641474043.899095
1641474072.2834089
1641474101.6485317
1641474129.9848902
1641474158.22818
1641474185.985713
1641474213.318718
1641474240.9709265
1641474270.1349669
1641474297.5753844
1641474325.9337924
1641474354.46793
1641474383.3294141
1641474410.6611567
1641474439.8544993
1641474469.2258534
1641474497.6959972
1641474526.1456633
1641474562.2943375
1641474593.7966564
1641474622.6855812
1641474650.372056
1641474678.4391372
1641474706.5297568
1641474734.9913127
1641474762.9168074
1641474792.8578982
1641474820.881178
1641474849.4241939
1641474877.109695
1641474911.8070977
1641474942.1074893
1641474971.054206
1641474999.346923
1641475029.1932173
1641475056.911676
1641475084.7827008
1641475113.71747
1641475141.8854525
1641475170.3591266
1641475198.3789299
1641475226.2372766
1641475255.312384
1641475283.8580062
1641475311.5026283
1641475340.3103125
1641475368.6859765
1641475397.9828858
1641475425.754569
1641475454.0394022
1641475483.569176
1641475511.569968
1641475539.9965634
1641475569.0988696
1641475598.3281784
1641475627.095651
1641475655.0616589
1641475684.1333876
1641475714.4333549
1641475745.0226614
1641475775.135028
1641475803.7778661
1641475833.58897
1641475862.3531451
1641475891.1918528
1641475920.7390704
1641475950.909629
1641475986.016867
1641476015.1011074
1641476045.0431156
1641476073.760206
1641476102.5495086
1641476131.10336
1641476159.3843749
1641476189.5541558
1641476218.169264
1641476247.2726808
1641476276.1521742
1641476305.3931859
1641476334.5275762
1641476363.7900057
1641476392.3920128
1641476424.8406382
1641476455.1865368
1641476484.928871
1641476513.738128
1641476542.959084
1641476572.415724
1641476601.4466438
1641476630.6537795
1641476661.7213728
1641476690.0688455
1641476719.0377645
1641476748.4842427
1641476776.9383821
1641476807.0508552
1641476836.0066597
1641476864.5386288
1641476896.5496204
1641476935.1886306
1641476970.37313
1641477002.238298
1641477031.06148
1641477060.2074919
1641477089.644031
1641477118.6779702
1641477148.5846214
1641477177.3891182
1641477206.348894
1641477235.5473063
1641477263.4820855
1641477292.8383482
1641477322.0941868
1641477350.7796187
1641477381.580654
1641477410.658551
1641477439.8730285
1641477468.476835
1641477497.4756193
1641477526.492161
1641477555.9352508
1641477585.5970654
1641477616.480826
1641477645.9103389
1641477675.4203837
1641477711.2387726
1641477745.8715823
1641477777.623557
1641477807.1756864
1641477836.3744514
1641477867.2963912
1641477896.0199218
1641477925.4780626
1641477955.307889
1641477985.2736282
1641478014.7359831
1641478044.516263
1641478082.8127332
1641478115.9706318
1641478146.0476036
1641478176.7148113
1641478207.073618
1641478237.6944556
1641478268.0212202
1641478297.6324987
1641478327.7259083
1641478358.524279
1641478388.2626276
1641478419.0760043
1641478449.084681
1641478479.7985246
1641478509.727832
1641478538.9409697
1641478569.2683685
1641478601.512033
1641478631.2842655
1641478661.3807058
1641478691.121601
1641478721.1089606
1641478751.6617553
1641478782.4062793
1641478812.2637985
1641478844.2412462
1641478874.3971097
1641478904.0022557
1641478933.8052385
1641478963.720651
1641478993.7118192
1641479025.0689921
1641479056.819179
1641479089.418075
1641479119.7503393
1641479150.0789058
1641479180.3142846
1641479210.168833
1641479239.9696233
1641479269.8925862
1641479300.5914369
1641479332.4454637
1641479362.546577
1641479393.1877193
1641479423.517164
1641479454.1727939
1641479484.4296834
1641479514.9221237
1641479544.6540759
1641479575.5618474
1641479606.8859315
1641479638.018081
1641479668.4428506
1641479699.4126854
1641479729.5345783
1641479760.9401834
1641479791.4932876
1641479823.899527
1641479854.697671
1641479884.9657822
1641479914.4776568
1641479946.6630883
1641479977.604013
1641480008.305866
1641480037.4111514
1641480069.5702946
1641480100.1201754
1641480131.032478
1641480160.8307247
1641480190.8528478
1641480220.9001234
1641480253.229158
1641480284.075389
1641480316.327554
1641480346.190968
1641480377.3277917
1641480407.1321914
1641480437.5228648
1641480467.9389694
1641480498.3033588
1641480530.1379268
1641480562.9459856
1641480593.374801
1641480623.7762268
1641480654.2478595
1641480684.4748857
1641480714.299603
1641480744.0939324
1641480775.462375
1641480807.9478326
1641480838.5514798
1641480869.693053
1641480900.1309595
1641480930.1956818
1641480960.867443
1641480990.6401527
1641481021.746864
1641481053.928395
1641481084.577379
1641481115.9152112
1641481146.3927937
1641481176.636407
1641481206.8052094
1641481236.0839126
1641481266.6230614
1641481299.1660268
1641481329.907435
1641481360.7297235
1641481391.2061634
1641481422.7173796
1641481452.981666
1641481484.6431549
1641481514.3348615
1641481546.5392237
1641481577.7948987
1641481609.0092862
1641481639.536903
1641481669.3088696
1641481700.678195
1641481734.6362062
1641481768.0649738
1641481802.3386073
1641481833.9830332
1641481865.4223056
1641481895.4208791
1641481925.5054796
1641481956.5694654
1641481986.085384
1641482016.7863338
1641482050.5946248
1641482080.3636794
1641482112.176745
1641482142.3919883
1641482173.223312
1641482203.1951513
1641482233.6535401
1641482265.4961243
1641482300.7223046
1641482332.8877718
1641482365.090493
1641482395.6068318
1641482427.3933382
1641482457.390411
1641482487.5929954
1641482517.481637
1641482550.1518996
1641482581.0584946
1641482611.4491782
1641482641.62563
1641482672.4296455
1641482702.9905694
1641482734.534985
1641482764.9331927
1641482797.627026
1641482827.314875
1641482857.5710347
1641482888.882633
1641482919.081621
1641482950.1866739
1641482981.308039
1641483013.1082995
1641483045.150261
1641483075.5454934
1641483107.2271655
1641483138.2913635
1641483168.8777227
1641483199.1725774
1641483230.663314
1641483261.2932656
1641483294.4247153
1641483326.2708313
1641483358.5599577
1641483391.599602
1641483423.566881
1641483455.2412777
1641483488.5481374
1641483521.0085964
1641483555.1179857
1641483586.7637043
1641483620.0806935
1641483652.0024674
1641483694.4602897
1641483730.7976422
1641483766.1554112
1641483799.1182835
1641483833.3758197
1641483864.7438653
1641483897.344197
1641483929.2797909
1641483961.5870655
1641483992.6027083
1641484023.8937292
1641484055.947643
1641484090.183905
1641484122.6151693
1641484154.3830326
1641484186.4008007
1641484217.6476007
1641484248.8030186
1641484281.3929296
1641484314.800548
1641484348.9367719
1641484380.307238
1641484421.3818574
1641484459.0275948
1641484493.626084
1641484525.0844502
1641484557.6882834
1641484590.4659135
1641484624.5642862
1641484658.1772761
1641484690.391973
1641484722.8376553
1641484754.617719
1641484786.8169694
1641484820.5609195
1641484853.1109555
1641484887.846519
1641484920.8809726
1641484952.955001
1641484985.9077718
1641485018.4264245
1641485052.3607736
1641485087.4270062
1641485121.6122572
1641485159.26672
1641485193.421114
1641485225.6812685
1641485258.9293315
1641485293.5087512
1641485325.51937
1641485358.434709
1641485391.9259381
1641485435.9150624
1641485470.693117
1641485504.0885324
1641485535.8846953
1641485570.0783837
1641485603.5775661
1641485636.1145468
1641485668.5826309
1641485702.7933156
1641485736.456549
1641485768.66811
1641485802.0703917
1641485834.6899052
1641485866.149821
1641485899.57875
1641485941.6376832
1641485979.7105396
1641486015.4359562
1641486049.6101944
1641486083.0835886
1641486117.7855442
1641486154.189764
1641486187.2428002
1641486220.7361271
1641486257.0759194
1641486290.0747232
1641486323.6176028
1641486357.3538425
1641486391.893381
1641486425.4161317
1641486459.6277475
1641486493.1440294
1641486529.796926
1641486563.5442336
1641486598.0980196
1641486631.3909616
1641486665.665565
1641486699.379465
1641486733.530965
1641486766.6832037
1641486802.143409
1641486835.7517366
1641486869.9940686
1641486902.455947
1641486935.635869
1641486969.6493876
1641487004.3423166
1641487039.3757064
1641487075.8645077
1641487110.2163572
1641487143.9683294
1641487177.8323872
1641487211.2314281
1641487247.4593744
1641487283.0431988
1641487317.2661002
1641487352.82901
1641487386.8695152
1641487423.2683809
1641487458.224151
1641487492.6351988
1641487534.865627
1641487573.7285671
1641487612.0808642
1641487648.317562
1641487682.9183378
1641487717.540601
1641487750.7220604
1641487786.1603944
1641487820.0871348
1641487854.9256618
1641487891.1339831
1641487927.7648532
1641487962.9810681
1641487997.3128269
1641488031.319864
1641488066.1880033
1641488099.809301
1641488133.8141584
1641488168.7599158
1641488207.2227495
1641488242.2326608
1641488276.159611
1641488309.8328128
1641488343.9089396
1641488378.2578232
1641488412.309619
1641488447.5558615
1641488483.904519
1641488518.600084
1641488553.2041514
1641488587.2489007
1641488622.7052748
1641488656.5507312
1641488690.6624546
1641488724.9474285
1641488761.3882852
1641488795.46423
1641488830.3924909
1641488866.1902957
1641488900.3054774
1641488934.0684774
1641488968.3039289
1641489002.1950855
1641489038.8877742
1641489074.379727
1641489108.467822
1641489143.7250466
1641489178.1183052
1641489212.391092
1641489246.7349448
1641489282.2655985
1641489320.4231858
1641489354.5970237
1641489389.126108
1641489423.082366
1641489457.4648814
1641489492.3645911
1641489527.823186
1641489562.5719538
1641489598.8348954
1641489633.4838545
1641489668.2662501
1641489702.083942
1641489737.6005204
1641489776.702324
1641489812.6744416
1641489847.9467647
1641489886.210368
1641489921.9351676
1641489958.2968423
1641489993.490292
1641490027.1252162
1641490062.2670834
1641490098.293637
1641490139.125086
1641490176.907223
1641490211.8613462
1641490248.4496427
1641490283.7219868
1641490318.7414315
1641490354.143705
1641490389.5393386
1641490424.5358205
1641490461.8537319
1641490495.4308786
1641490530.072071
1641490567.269249
1641490603.224179
1641490638.1015294
1641490672.836831
1641490707.607989
1641490747.190682
1641490782.1884062
1641490818.0919182
1641490853.6379478
1641490888.9250648
1641490923.078204
1641490958.5907412
1641490993.5602086
1641491031.7295136
1641491067.5959148
1641491104.3146107
1641491141.5540152
1641491177.8011596
1641491214.3600392
1641491253.0392365
1641491288.8673437
1641491327.7833319
1641491362.5294144
1641491397.7610295
1641491435.404811
1641491470.4565015
1641491505.2072299
1641491541.9211102
1641491577.862487
1641491619.2817147
1641491656.7332964
1641491695.0701294
1641491731.8947349
1641491770.6100805
1641491806.1415575
1641491844.0708845
1641491891.2755313
1641491935.2096317
1641491970.703956
1641492009.0835702
1641492049.4507546
1641492088.6011813
1641492127.457511
1641492163.2694542
1641492200.6075559
1641492238.1700263
1641492275.3780947
1641492310.7356322
1641492350.031429
1641492388.8286314
1641492428.8233314
1641492467.1318793
1641492506.3087583
1641492548.009333
1641492586.6575582
1641492636.7496755
1641492679.1733952
1641492717.3695378
1641492755.779009
1641492793.6097257
1641492830.825036
1641492869.5557842
1641492908.2325182
1641492946.7546253
1641492984.0138302
1641493022.670957
1641493061.6064382
1641493099.4548888
1641493137.3967195
1641493177.943617
1641493217.1259613
1641493254.7827754
1641493295.2392316
1641493341.5025504
1641493382.8088233
1641493418.4792378
1641493456.3718057
1641493498.8118532
1641493537.9152415
1641493577.1696587
1641493616.2529185
1641493655.386241
1641493695.8737223
1641493739.8608773
1641493781.2956657
1641493828.3606508
1641493869.7945502
1641493907.5455112
1641493945.6809306
1641493983.64135
1641494021.1422694
1641494061.757327
1641494102.404123
1641494144.9285557
1641494183.177332
1641494222.8724418
1641494260.0099313
1641494297.4122758
1641494337.9576504
1641494378.9216447
1641494419.92224
1641494461.706297
1641494500.9268098
1641494541.422542
1641494581.983303
1641494620.6279943
1641494667.743583
1641494707.7872446
1641494747.3191214
1641494787.6082044
1641494825.5081747
1641494864.7478874
1641494904.0608263
1641494943.5815299
1641494983.4403822
1641495021.8497088
1641495059.445234
1641495099.4863503
1641495140.2057858
1641495179.44877
1641495219.7377424
1641495260.2096064
1641495301.4997773
1641495342.3733091
1641495382.2202802
1641495425.6827667
1641495476.5999846
1641495521.6014714
1641495562.9417353
1641495601.623422
1641495643.1443315
1641495682.4429677
1641495722.8414001
1641495765.5299299
1641495806.41756
1641495846.1853926
1641495887.5577664
1641495928.6429858
1641495968.6187003
1641496008.9746659
1641496048.9013624
1641496092.9930878
1641496132.3611288
1641496172.2302735
1641496213.619056
1641496254.2301302
1641496294.5542684
1641496332.8622184
1641496375.1144743
1641496419.5215142
1641496461.0604575
1641496501.8699932
1641496541.5934365
1641496583.6202962
1641496627.9223714
1641496668.278285
1641496711.7133129
1641496755.9339762
1641496794.1970537
1641496835.703133
1641496876.0927947
1641496918.3635454
1641496958.90172
1641496999.0363746
1641497040.4397702
1641497084.717077
1641497124.1570385
1641497166.3351433
1641497206.075422
1641497246.491026
1641497289.9925926
1641497330.4002876
1641497370.383342
1641497414.4807343
1641497455.348641
1641497497.200493
1641497539.7028964
1641497581.5006418
1641497622.8144176
1641497664.704097
1641497705.5241823
1641497748.0913806
1641497795.9016116
1641497839.6840513
1641497881.8012874
1641497922.291535
1641497961.8369982
1641498003.2954702
1641498045.7819445
1641498088.0191984
1641498130.2420077
1641498172.0105574
1641498211.3220403
1641498253.382427
1641498307.205231
1641498352.1892934
1641498392.866248
1641498436.8124976
1641498476.762486
1641498517.364083
1641498558.0814998
1641498599.2087016
1641498639.6996589
1641498681.0038123
1641498724.5095065
1641498771.4058032
1641498816.015452
1641498857.1282432
1641498895.111704
1641498935.5352747
1641498974.4514735
1641499012.0998106
1641499050.0638351
1641499092.2502296
1641499131.1364985
1641499171.1171608
1641499211.277083
1641499250.4667969
1641499290.288265
1641499327.4009836
1641499366.2930453
1641499406.7071397
1641499445.3439834
1641499484.4159226
1641499522.5251842
1641499566.5756652
1641499604.178818
1641499644.2625961
1641499683.3263948
1641499725.963391
1641499763.9459271
1641499804.9091394
1641499844.5328014
1641499882.2845244
1641499923.357529
1641499961.942908
1641500003.3343825
1641500061.841624
1641500108.515613
1641500151.3381543
1641500191.536904
1641500233.1644168
1641500274.1249585
1641500316.2141273
1641500358.022966
1641500402.1747487
1641500444.7845955
1641500485.4481297
1641500526.8565726
1641500572.2678525
1641500612.608543
1641500654.3923776
1641500696.6344597
1641500739.3813999
1641500780.4504538
1641500823.5225036
1641500867.257451
1641500910.2289705
1641500954.2987003
1641500995.8248744
1641501038.8009567
1641501081.775705
1641501133.172268
1641501179.4399424
1641501220.9432395
1641501262.1573243
1641501303.3609996
1641501344.550247
1641501385.3240702
1641501429.0418227
1641501470.8350651
1641501513.9216669
1641501555.7615864
1641501597.8192585
1641501639.9288673
1641501682.8898685
1641501726.3045695
1641501771.4114125
1641501820.5570798
1641501864.2264307
1641501906.141436
1641501948.0821896
1641501990.6647573
1641502032.3555062
1641502074.1580896
1641502120.5683649
1641502162.7618816
1641502203.2752414
1641502245.519883
1641502300.0733993
1641502346.4691327
1641502389.056052
1641502429.7826083
1641502473.1102786
1641502516.370853
1641502559.9396203
1641502602.3137093
1641502644.191722
1641502688.5405576
1641502731.102126
1641502775.011042
1641502819.7200806
1641502863.45537
1641502905.6652193
1641502948.4233978
1641502988.7814276
1641503031.0350149
1641503073.5163422
1641503117.962066
1641503165.4869506
1641503207.6059377
1641503251.0938554
1641503293.7631378
1641503335.933125
1641503385.9600296
1641503431.680038
1641503475.815316
1641503520.7297301
1641503564.112467
1641503608.1840227
1641503650.0465114
1641503692.4986799
1641503735.5966716
1641503778.4591062
1641503822.8871574
1641503868.5299847
1641503912.017313
1641503956.198766
1641504000.8340237
1641504043.984487
1641504088.1593409
1641504130.9235985
1641504175.1757298
1641504219.2769556
1641504259.8532903
1641504300.3885105
1641504342.94628
1641504385.1944358
1641504429.650032
1641504473.0545561
1641504512.341653
1641504556.5390244
1641504599.1262872
1641504639.7231598
1641504680.5045462
1641504723.4160619
1641504767.024304
1641504808.2542446
1641504849.6699526
1641504893.6454957
1641504935.5676167
1641504977.2646372
1641505020.4392133
1641505063.8897889
1641505106.529131
1641505149.4869008
1641505190.867933
1641505236.8897002
1641505279.2611363
1641505326.982517
1641505371.74119
1641505414.1884422
1641505457.295298
1641505499.130278
1641505541.688006
1641505585.973651
1641505629.5834394
1641505673.871494
1641505718.0172737
1641505761.875663
1641505804.6362033
1641505853.6037505
1641505897.5841022
1641505942.3418243
1641505985.541483
1641506029.662383
1641506072.701954
1641506117.8619635
1641506160.5925531
1641506204.9578419
1641506250.7801445
1641506297.4354024
1641506341.361142
1641506383.672077
1641506428.6006281
1641506470.4680846
1641506512.4448645
1641506555.3971298
1641506597.4938962
1641506639.8052382
1641506684.1094232
1641506725.652017
1641506771.3865385
1641506815.2146854
1641506859.0532734
1641506903.2652361
1641506947.7936559
1641506995.8710063
1641507039.799651
1641507083.971588
1641507128.3671885
1641507172.3259223
1641507217.4204743